000001
1
0.575943 0.730691 -0.283173 0.232797 -0.030968 -0.015129 0.870180 
20
0.475513 0.876103 -0.001176 0.079560 -0.021160 0.046811 0.696003 
14
0.570591 0.741856 -0.273054 0.222525 -0.028656 -0.109205 0.844460 
19
0.622676 0.758884 0.140250 -0.129226 -0.037371 0.090192 0.686778 
6
0.097825 0.129621 0.781482 -0.602423 0.019982 0.051150 0.809834 
000036
1
0.571050 0.716614 -0.302560 0.262345 -0.046070 -0.019643 0.861883 
20
0.497146 0.856797 -0.079440 0.111510 -0.035765 0.062662 0.673244 
14
0.566280 0.695411 -0.356733 0.261672 -0.042905 -0.111382 0.837259 
6
0.085644 0.100397 0.788562 -0.600629 0.004039 0.047214 0.802928 
19
0.601244 0.779208 -0.173316 -0.036091 -0.049403 0.082414 0.706613 
000047
1
0.570021 0.722514 -0.293624 0.258523 -0.022597 -0.019645 0.869591 
20
0.446944 0.893690 0.010595 0.038043 0.000650 0.036621 0.704849 
14
0.597973 0.727050 -0.258895 0.216333 -0.019431 -0.112801 0.844261 
6
0.077381 0.085936 0.782340 -0.612023 0.026197 0.047008 0.809194 
19
0.562483 0.746071 -0.335219 -0.120910 -0.033185 0.084945 0.697898 
000083
1
0.572392 0.724301 -0.286857 0.255868 -0.002223 -0.011815 0.877903 
20
0.457008 0.883917 -0.071465 0.068754 0.003225 0.066945 0.679468 
14
0.601181 0.737648 -0.241795 0.189716 0.003439 -0.106929 0.853291 
6
0.078837 0.076887 0.776651 -0.620231 0.046174 0.055232 0.815357 
19
0.636008 0.752791 0.056099 -0.160163 -0.018684 0.084055 0.701159 
000112
1
0.577919 0.731092 -0.278446 0.232342 0.008456 -0.022849 0.882961 
20
0.386684 0.917908 -0.049380 0.074041 0.014032 0.044384 0.685074 
14
0.608373 0.727453 -0.245130 0.201506 0.011859 -0.116066 0.859045 
19
0.504166 0.579841 -0.535792 0.350040 -0.004428 0.078161 0.685859 
6
0.087952 0.106973 0.772356 -0.619909 0.055291 0.044979 0.819276 
000135
1
0.573627 0.743219 -0.264395 0.220620 0.020269 -0.041265 0.888089 
20
0.444927 0.893599 -0.029965 0.051214 0.017462 0.028922 0.698960 
14
0.590868 0.740840 -0.251690 0.196682 0.022776 -0.134701 0.862655 
19
0.632330 0.764923 0.087487 -0.086014 -0.000562 0.065859 0.706585 
6
0.112660 0.145449 0.782099 -0.595376 0.064944 0.026391 0.823773 
000155
1
0.571511 0.742974 -0.270018 0.220125 0.050683 -0.063303 0.890166 
20
0.371131 0.927234 -0.048082 0.013639 0.049128 0.008115 0.702164 
14
0.373107 0.874159 -0.287376 0.118546 0.052161 -0.159152 0.858260 
19
0.486136 0.662599 -0.460958 0.334892 0.021844 0.054389 0.694347 
6
0.099190 0.141376 0.791746 -0.585929 0.091597 0.005710 0.827100 
000168
1
0.577500 0.749310 -0.244827 0.212338 0.069057 -0.044751 0.892917 
20
0.397513 0.916848 0.029152 0.022884 0.060031 0.022866 0.707290 
14
0.606436 0.744901 -0.212153 0.179858 0.073440 -0.139188 0.865798 
19
0.366598 0.612392 -0.575538 0.399171 0.032051 0.063973 0.697064 
6
0.077802 0.078892 0.790262 -0.602669 0.105223 0.025442 0.828529 
000181
1
0.570732 0.755420 -0.242216 0.211985 0.073157 -0.039465 0.896080 
20
0.417359 0.908283 -0.015855 0.024120 0.047176 0.041975 0.706897 
14
0.583293 0.757149 -0.229712 0.183649 0.078056 -0.133746 0.868298 
19
0.466468 0.632672 0.523275 -0.329115 0.024505 0.070909 0.697913 
6
0.059629 0.091402 0.793906 -0.598167 0.107386 0.029954 0.831428 
000204
1
0.574000 0.758787 -0.232696 0.201540 0.070203 -0.037244 0.900371 
20
0.399739 0.915875 0.019753 0.031492 0.046837 0.033389 0.714085 
14
0.587116 0.762012 -0.217583 0.165199 0.075043 -0.131569 0.873198 
19
0.513517 0.646389 -0.480699 0.295653 0.042751 0.069225 0.702773 
6
0.029545 0.066845 0.805187 -0.588500 0.103596 0.030904 0.834999 
000220
1
0.572553 0.759830 -0.230760 0.203939 0.064694 -0.029713 0.905309 
20
0.471110 0.881961 -0.002655 0.013875 0.026770 0.054016 0.719538 
14
0.587402 0.696399 -0.341386 0.231178 0.069418 -0.123783 0.878964 
19
0.567558 0.783665 0.200242 -0.153786 0.026941 0.078068 0.726362 
6
0.032820 0.016565 0.789517 -0.612626 0.098657 0.040860 0.840628 
000235
1
0.569301 0.758518 -0.234894 0.213008 0.056617 -0.020554 0.911124 
20
0.447124 0.893794 0.004646 0.034492 0.026513 0.057803 0.727894 
14
0.588095 0.760114 -0.206551 0.183598 0.060290 -0.113225 0.883887 
19
0.464142 0.679706 -0.477768 0.307099 0.033683 0.086172 0.724442 
6
0.029532 0.060456 0.798152 -0.598687 0.089475 0.048817 0.845346 
000252
1
0.577105 0.755308 -0.231472 0.207075 0.047915 -0.019031 0.916857 
20
0.405264 0.911988 0.062603 0.010960 0.032390 0.041963 0.744191 
14
0.583923 0.759236 -0.223255 0.180971 0.051932 -0.112929 0.889047 
19
0.606035 0.794932 0.025943 0.011452 0.007606 0.086680 0.729522 
6
0.001364 -0.006939 0.791402 -0.611256 0.080821 0.051093 0.851714 
11
0.426418 0.072440 0.884918 0.172745 -0.017608 0.130538 0.825888 
000257
1
0.569746 0.762542 -0.229813 0.202744 0.041646 -0.013623 0.919460 
20
0.569215 0.806906 0.156879 -0.016911 0.014689 0.069284 0.738148 
14
0.584604 0.754660 -0.229097 0.190370 0.045139 -0.106839 0.891572 
19
0.475813 0.794962 -0.320205 0.197755 -0.007007 0.097774 0.717322 
6
0.034167 0.068826 0.797449 -0.598473 0.074762 0.056538 0.853216 
11
0.474107 -0.089873 0.836511 0.259605 -0.011745 0.120231 0.962284 
000261
1
0.569835 0.760483 -0.229011 0.210968 0.034971 -0.008222 0.921359 
20
0.453241 0.890678 -0.018215 0.030552 -0.007801 0.077705 0.725582 
14
0.560515 0.703048 -0.347548 0.266001 0.039360 -0.101636 0.895441 
19
0.410568 0.633826 0.563748 -0.334496 -0.003081 0.102318 0.715322 
6
0.031046 0.054427 0.804053 -0.591247 0.069322 0.060712 0.854004 
11
0.432844 0.146314 0.851556 0.257081 -0.024041 0.131674 0.835553 
000265
1
0.568879 0.759317 -0.232870 0.213511 0.030092 -0.007295 0.922554 
20
0.460576 0.887266 -0.014809 0.020253 -0.009321 0.076852 0.727923 
14
0.575008 0.749491 -0.253952 0.207695 0.034087 -0.100890 0.895187 
19
0.472634 0.627912 0.511679 -0.347171 0.000199 0.105056 0.717650 
6
0.025494 0.054714 0.787176 -0.613767 0.064319 0.062336 0.856635 
11
0.274908 0.219476 0.903020 0.246597 -0.026170 0.128699 0.839895 
000277
1
0.560798 0.770102 -0.218795 0.211130 0.025655 -0.013472 0.924040 
20
0.577189 0.803741 -0.114285 0.088280 -0.014436 0.099669 0.722856 
14
0.572636 0.740989 -0.279888 0.211390 0.029559 -0.106027 0.897249 
6
0.004363 -0.002854 -0.792905 0.609323 0.060869 0.057317 0.858679 
19
0.409830 0.682665 -0.504736 0.333541 -0.005781 0.099115 0.728747 
000292
1
0.569564 0.764366 -0.225373 0.201368 0.019764 -0.016089 0.929256 
20
0.593561 0.794996 -0.101549 0.073171 -0.021079 0.097208 0.731417 
14
0.563059 0.741070 -0.287975 0.225501 0.024555 -0.109651 0.900900 
6
0.002287 -0.006623 -0.804048 0.594523 0.055522 0.054573 0.863654 
19
0.512014 0.756972 0.346991 -0.210789 -0.010377 0.099781 0.725384 
11
0.191309 0.172729 0.929329 0.264412 -0.047411 0.121083 0.837392 
000294
1
0.566435 0.764061 -0.229937 0.206131 0.019937 -0.014177 0.930290 
20
0.588724 0.797705 -0.098287 0.086085 -0.009646 0.098712 0.729981 
14
0.570290 0.749100 -0.260889 0.213438 0.024336 -0.107764 0.901882 
19
0.394551 0.525384 0.639397 -0.399341 -0.024760 0.098440 0.728094 
6
0.015466 0.016018 0.795556 -0.605471 0.054354 0.057257 0.864390 
11
0.410274 0.241212 0.845259 0.242960 -0.030772 0.119265 0.848171 
000310
1
0.564563 0.764391 -0.233584 0.205947 0.025060 -0.016827 0.934637 
20
0.612949 0.778678 -0.102354 0.086473 -0.020822 0.098119 0.737459 
14
0.579992 0.769640 -0.202673 0.173745 0.028904 -0.110390 0.905590 
19
0.514007 0.820663 0.210117 -0.134758 -0.006586 0.093082 0.735599 
6
0.000657 -0.011340 -0.797093 0.603750 0.058522 0.054681 0.869547 
000311
1
0.559161 0.761133 -0.242170 0.222193 0.025482 -0.016974 0.935475 
20
0.609531 0.782570 -0.094673 0.084222 -0.025792 0.095853 0.739279 
14
0.574963 0.765309 -0.216145 0.192355 0.030232 -0.110164 0.904930 
19
0.370542 0.626125 0.595108 -0.341338 -0.018024 0.094267 0.733607 
6
0.013516 0.048027 -0.797026 0.601881 0.060489 0.054926 0.870556 
000322
1
0.567629 0.765417 -0.227374 0.200588 0.026587 -0.014755 0.938680 
20
0.584864 0.801219 -0.101761 0.075015 -0.012916 0.097405 0.742372 
14
0.583492 0.778049 -0.181055 0.146273 0.030556 -0.108171 0.908910 
19
0.331160 0.814717 -0.434250 0.194926 0.002092 0.099752 0.728774 
6
0.041209 0.075838 0.803156 -0.589484 0.059617 0.056060 0.871611 
18
0.114496 -0.588716 0.436278 -0.670795 0.090643 -0.032853 0.864970 
000326
1
0.565673 0.763806 -0.232776 0.205982 0.026670 -0.014294 0.939510 
20
0.598603 0.794745 -0.076278 0.065098 -0.019804 0.097978 0.742639 
14
0.591832 0.774583 -0.174755 0.138626 0.031292 -0.106993 0.910670 
19
0.369289 0.532559 0.626822 -0.432551 -0.021045 0.100807 0.739929 
6
0.006448 0.036867 -0.796938 0.602901 0.060343 0.055864 0.872889 
18
0.008760 0.735522 -0.227008 0.638277 0.090082 -0.029986 0.880251 
000335
1
0.566742 0.763697 -0.227722 0.209078 0.025009 -0.012715 0.940809 
20
0.590238 0.800930 -0.079266 0.062028 -0.017875 0.096681 0.748196 
14
0.577757 0.784295 -0.164442 0.155041 0.029779 -0.105988 0.911531 
19
0.337455 0.578882 0.648580 -0.361059 -0.009692 0.103197 0.731596 
6
0.028933 -0.006528 0.801024 -0.597898 0.057624 0.057310 0.873380 
18
0.168488 -0.919486 0.330469 0.130179 0.073324 -0.056302 0.889581 
11
0.027544 -0.006778 -0.986526 -0.161124 -0.056259 0.122275 0.897996 
000337
1
0.565209 0.767419 -0.225899 0.201434 0.023918 -0.013047 0.941128 
20
0.593035 0.794563 -0.098486 0.085316 -0.019104 0.100626 0.740844 
14
0.577696 0.764546 -0.225716 0.175468 0.028333 -0.105590 0.912321 
19
0.415441 0.585077 0.575763 -0.391906 -0.024287 0.102506 0.740051 
6
0.019462 -0.015676 0.798614 -0.601325 0.056645 0.057847 0.874347 
18
0.014353 -0.566863 0.610076 -0.553415 0.087679 -0.039236 0.873070 
11
0.464863 -0.093763 0.855337 0.208588 -0.012495 0.142334 0.926300 
000353
1
0.566109 0.769844 -0.215662 0.200872 0.025683 -0.007255 0.943876 
20
0.593840 0.797442 -0.077724 0.073479 -0.012233 0.106840 0.741969 
14
0.580904 0.771722 -0.193290 0.172149 0.030200 -0.101080 0.914616 
6
0.023541 0.030002 -0.796018 0.604071 0.057710 0.064461 0.877312 
19
0.301897 0.549753 0.685463 -0.369826 -0.035749 0.098287 0.742904 
11
0.123342 0.365918 0.879386 -0.278516 -0.449803 -0.193464 1.521720 
000356
1
0.570245 0.764838 -0.221325 0.202135 0.025727 -0.007377 0.944338 
20
0.596062 0.798007 -0.066340 0.059105 -0.012344 0.104041 0.749475 
14
0.581629 0.778649 -0.173569 0.159021 0.029945 -0.100268 0.914605 
19
0.468027 0.757244 -0.422490 0.170393 -0.012373 0.105205 0.742816 
6
0.003039 -0.001105 -0.799198 0.601059 0.056065 0.064970 0.877431 
000364
1
0.569537 0.768851 -0.215953 0.194577 0.020640 -0.009494 0.944175 
20
0.612167 0.785621 -0.066456 0.060288 -0.036552 0.100569 0.753049 
14
0.578318 0.778722 -0.175428 0.168422 0.024622 -0.102895 0.914611 
6
0.017969 0.007107 0.792216 -0.609935 0.051762 0.062472 0.877178 
19
0.442138 0.782229 -0.426058 0.105386 -0.012630 0.104273 0.739361 
000373
1
0.569076 0.770855 -0.212017 0.192312 0.022934 -0.009577 0.944826 
20
0.599640 0.796308 -0.056700 0.055770 -0.021651 0.102401 0.751046 
14
0.589096 0.772485 -0.181472 0.152646 0.025491 -0.103449 0.915161 
19
0.457393 0.767110 -0.398673 0.208311 -0.010380 0.104552 0.746152 
6
0.018528 0.026746 0.787499 -0.615457 0.053850 0.061428 0.877773 
000380
1
0.570626 0.769393 -0.212540 0.192992 0.021483 -0.008777 0.945675 
20
0.604783 0.792349 -0.059782 0.053355 -0.020997 0.104562 0.747507 
14
0.580890 0.763713 -0.213069 0.184147 0.024539 -0.101171 0.916775 
6
0.007149 -0.018268 -0.804564 0.593543 0.051211 0.063591 0.878131 
19
0.361393 0.786021 -0.479479 0.147197 -0.008431 0.106848 0.737559 
000388
1
0.562460 0.772206 -0.219506 0.197874 0.022181 -0.010194 0.945670 
20
0.613252 0.784524 -0.068932 0.060769 -0.038164 0.098590 0.757174 
14
0.584976 0.771589 -0.182640 0.170575 0.024428 -0.103168 0.916657 
19
0.396959 0.562593 0.607399 -0.396206 -0.024202 0.106754 0.740978 
6
0.009134 -0.013786 0.796171 -0.604846 0.050914 0.063358 0.879596 
11
0.339243 0.655767 0.612891 -0.281509 -0.279273 -0.211419 1.393049 
000398
1
0.572423 0.771304 -0.205443 0.187658 0.025906 -0.012973 0.947652 
20
0.605563 0.791059 -0.066429 0.055740 -0.029324 0.098260 0.756082 
14
0.582891 0.779050 -0.174945 0.150713 0.027921 -0.106570 0.917251 
19
0.390463 0.563362 0.612652 -0.393471 -0.021696 0.104426 0.743305 
6
0.064637 0.030154 0.799965 -0.595793 0.052826 0.057981 0.879656 
000401
1
0.566349 0.773923 -0.208847 0.191508 0.023872 -0.012037 0.947717 
20
0.600408 0.796077 -0.061469 0.044638 -0.034910 0.097555 0.758105 
14
0.588561 0.777558 -0.167029 0.145262 0.026287 -0.105628 0.917677 
19
0.386041 0.499684 0.640673 -0.436837 -0.037592 0.101227 0.749828 
6
0.021101 0.002407 0.791997 -0.610155 0.051283 0.059208 0.879524 
11
0.075077 -0.316841 -0.918086 0.226038 -0.428354 -0.245640 1.332351 
000404
1
0.568639 0.778113 -0.197489 0.179410 0.022613 -0.012603 0.948038 
14
0.587831 0.786594 -0.140107 0.126869 0.024601 -0.106308 0.917684 
20
0.593571 0.801061 -0.061634 0.046657 -0.030344 0.095775 0.759155 
19
0.376845 0.550573 0.629453 -0.398305 -0.036098 0.101815 0.747883 
6
0.005749 -0.040143 0.795445 -0.604667 0.050625 0.057989 0.879891 
000415
1
0.562260 0.772101 -0.224084 0.193675 0.018770 -0.019545 0.948481 
20
0.600318 0.795236 -0.067604 0.051456 -0.024540 0.092830 0.757760 
14
0.574234 0.782732 -0.176050 0.163070 0.021031 -0.112859 0.917876 
19
0.387865 0.574422 0.580400 -0.427476 -0.031762 0.099423 0.746073 
6
0.000270 -0.000971 -0.806043 0.591856 0.047080 0.053390 0.881987 
000422
1
0.569682 0.775982 -0.201706 0.180634 0.015548 -0.022287 0.948699 
20
0.594251 0.801391 -0.053088 0.042659 -0.045061 0.086871 0.761863 
14
0.577784 0.780931 -0.175093 0.160169 0.016642 -0.116035 0.918102 
19
0.364097 0.504059 0.654301 -0.430405 -0.049924 0.091549 0.756006 
6
0.011732 0.020040 -0.803964 0.594225 0.044062 0.050107 0.881108 
000435
1
0.564350 0.776133 -0.206254 0.191275 0.010842 -0.009486 0.950963 
20
0.607513 0.793232 -0.022746 0.034546 -0.047079 0.096631 0.766764 
14
0.581738 0.782492 -0.154477 0.159447 0.012587 -0.103501 0.920753 
19
0.366225 0.481542 0.638975 -0.475086 -0.048154 0.105170 0.760249 
6
0.012283 0.001371 0.792247 -0.610075 0.038595 0.063348 0.883849 
000448
1
0.575537 0.766509 -0.215594 0.186387 0.013034 -0.004602 0.951483 
20
0.620657 0.779448 -0.066999 0.052509 -0.048621 0.106817 0.759359 
14
0.567822 0.791712 -0.157640 0.160998 0.014256 -0.098624 0.921366 
19
0.326291 0.607851 0.637854 -0.342336 -0.045806 0.102147 0.749698 
6
0.002978 0.024593 0.798664 -0.601267 0.039288 0.067681 0.885169 
000464
1
0.576523 0.771837 -0.201235 0.177180 0.011356 -0.007975 0.950953 
20
0.630239 0.774814 -0.037964 0.031949 -0.043054 0.105427 0.762259 
14
0.570479 0.792136 -0.150534 0.156247 0.012374 -0.101150 0.921315 
19
0.392386 0.525137 0.619130 -0.432369 -0.041762 0.109423 0.748376 
6
0.066100 0.066938 -0.799744 0.592925 0.039534 0.064734 0.883670 
000476
1
0.569916 0.774911 -0.200540 0.185722 0.010648 -0.009681 0.950685 
20
0.614518 0.785565 -0.056053 0.045967 -0.055638 0.100005 0.764314 
14
0.564257 0.787267 -0.178941 0.172642 0.013426 -0.102762 0.921499 
19
0.382251 0.556597 0.616314 -0.405265 -0.042446 0.106753 0.747158 
6
0.006583 0.011962 0.791174 -0.611439 0.036007 0.063971 0.884696 
000485
1
0.577095 0.778838 -0.183851 0.163008 0.015598 -0.013507 0.951963 
20
0.618227 0.783995 -0.040799 0.038521 -0.048137 0.096833 0.769875 
14
0.578758 0.784717 -0.154291 0.159539 0.017303 -0.106370 0.921089 
19
0.367724 0.909617 -0.067426 -0.181193 -0.033217 0.095616 0.750252 
6
0.006645 -0.001017 0.793634 -0.608359 0.040649 0.060130 0.884019 
000494
1
0.579171 0.778530 -0.176449 0.165281 0.024188 -0.011372 0.952349 
20
0.570740 0.821052 -0.001527 0.011252 -0.037838 0.091781 0.771185 
14
0.589524 0.777100 -0.164657 0.146510 0.025837 -0.105016 0.922845 
19
0.433975 0.852845 -0.289837 0.017762 -0.039434 0.101675 0.750522 
6
0.012090 -0.018132 0.796443 -0.604320 0.047961 0.059649 0.883635 
11
0.347006 0.647291 0.612705 -0.291881 -0.258009 -0.213137 1.386772 
000510
1
0.575069 0.776801 -0.193256 0.168904 0.021183 -0.017569 0.952216 
20
0.566614 0.823711 0.018136 -0.010955 -0.031906 0.089157 0.771804 
14
0.574567 0.789221 -0.158696 0.147713 0.023412 -0.111210 0.922738 
19
0.478747 0.851667 -0.212817 -0.013212 -0.045255 0.094529 0.758189 
6
0.022731 0.040089 -0.803386 0.593673 0.045052 0.055729 0.884690 
000516
1
0.578560 0.784252 -0.161176 0.155689 0.012902 -0.014988 0.953953 
14
0.577918 0.793797 -0.129773 0.138042 0.015140 -0.107176 0.923488 
20
0.587608 0.807274 -0.039317 0.038457 -0.046833 0.096412 0.764448 
19
0.365003 0.532239 0.626348 -0.437244 -0.053034 0.100365 0.756531 
6
0.023745 0.028460 -0.790853 0.610882 0.035644 0.060216 0.887058 
000529
1
0.570077 0.781900 -0.184789 0.171748 0.007134 -0.014689 0.954566 
20
0.622499 0.781784 0.000515 0.036162 -0.051005 0.095328 0.770173 
14
0.568986 0.795437 -0.141497 0.153344 0.009996 -0.106913 0.925385 
19
0.450986 0.843835 -0.290773 -0.002287 -0.054030 0.086523 0.768081 
6
0.031681 0.046530 -0.799684 0.597777 0.029864 0.058142 0.888487 
000541
1
0.565849 0.777431 -0.200124 0.188061 0.008777 -0.014422 0.954731 
20
0.587278 0.807633 -0.033504 0.041361 -0.046736 0.098402 0.764539 
14
0.566391 0.793845 -0.149783 0.163020 0.012758 -0.106749 0.924981 
6
0.007040 0.020848 -0.803927 0.594321 0.030046 0.059769 0.888054 
19
0.502802 0.811972 -0.262769 0.137272 -0.056629 0.096474 0.767516 
000549
1
0.570215 0.786114 -0.172263 0.164938 0.008237 -0.016837 0.954722 
20
0.578743 0.814884 0.031425 0.005720 -0.049637 0.083889 0.780173 
14
0.571651 0.787995 -0.157517 0.165732 0.011030 -0.109650 0.924588 
6
0.026385 0.020307 -0.791321 0.610493 0.027749 0.057546 0.888093 
19
0.480762 0.797857 -0.363637 -0.007760 -0.063403 0.094939 0.765981 
11
0.067392 0.064683 0.835876 -0.540912 0.124532 0.090230 0.909579 
000556
1
0.569792 0.783924 -0.178444 0.170170 0.007836 -0.019520 0.954754 
20
0.596593 0.802210 0.023156 -0.000028 -0.047442 0.086152 0.778195 
14
0.563152 0.800235 -0.142001 0.149398 0.011973 -0.112307 0.924696 
6
0.029260 0.038982 -0.798666 0.599797 0.027149 0.054578 0.888113 
19
0.444618 0.843341 -0.271581 -0.131657 -0.064480 0.088500 0.769929 
11
0.351960 0.638135 0.615384 -0.300351 -0.248184 -0.232912 1.347434 
000567
20
0.593872 0.802963 -0.032909 0.038521 -0.049081 0.091697 0.765869 
1
0.571696 0.782566 -0.177967 0.170531 0.011125 -0.023663 0.954188 
14
0.576293 0.787840 -0.152234 0.154982 0.014239 -0.116582 0.923162 
6
0.016816 0.030402 -0.804746 0.592602 0.030471 0.051293 0.888095 
19
0.594885 0.746932 0.136508 -0.263762 -0.067260 0.079551 0.791987 
000573
1
0.573461 0.782464 -0.176254 0.166816 0.011879 -0.024421 0.953562 
20
0.598452 0.799497 -0.001526 0.051558 -0.054579 0.088654 0.766199 
14
0.590291 0.787348 -0.123354 0.128153 0.016105 -0.117202 0.922359 
6
0.018140 0.022710 -0.804419 0.593350 0.030921 0.050499 0.886846 
19
0.496740 0.824866 -0.269028 0.021661 -0.070220 0.087477 0.767872 
000581
1
0.571658 0.786696 -0.162314 0.167244 0.013882 -0.021435 0.954265 
20
0.624804 0.779014 -0.023255 0.047086 -0.057163 0.092826 0.763055 
14
0.585912 0.786554 -0.129286 0.146032 0.017755 -0.113389 0.923597 
6
0.003936 -0.021631 0.810491 -0.585338 0.031710 0.052539 0.885862 
19
0.443870 0.848602 -0.287737 0.007868 -0.064776 0.089197 0.764995 
000592
1
0.570126 0.779324 -0.188612 0.178987 0.013501 -0.024372 0.953690 
20
0.606812 0.792555 0.058243 -0.015585 -0.057299 0.085103 0.777716 
14
0.577281 0.801533 -0.099120 0.120277 0.017382 -0.115857 0.923466 
6
0.017327 0.000415 0.803086 -0.595611 0.031415 0.051037 0.887151 
19
0.504304 0.805919 -0.310114 0.000837 -0.063741 0.085726 0.763409 
000605
1
0.564401 0.790941 -0.165561 0.168681 0.007010 -0.027897 0.953675 
20
0.612135 0.789210 -0.003599 0.049242 -0.069920 0.085717 0.767893 
14
0.563183 0.787571 -0.172971 0.180660 0.011802 -0.119522 0.922747 
6
0.007146 0.047328 -0.801993 0.595412 0.023394 0.049979 0.887164 
19
0.392315 0.773006 -0.493461 0.071040 -0.071961 0.082411 0.761809 
21
0.348216 -0.858385 0.204225 -0.316564 0.134223 0.153686 0.788583 
000614
1
0.572986 0.781918 -0.175542 0.171687 0.012664 -0.025114 0.952569 
20
0.616931 0.786307 0.009140 0.032157 -0.059740 0.092087 0.762546 
14
0.567160 0.797851 -0.134133 0.154183 0.016273 -0.116132 0.923239 
6
0.010493 -0.014553 0.800800 -0.598663 0.027834 0.052015 0.885779 
19
0.455796 0.764162 -0.443331 0.108464 -0.044932 0.081229 0.761194 
000626
1
0.574469 0.787883 -0.155826 0.157940 0.021189 -0.028302 0.950822 
20
0.567304 0.814464 0.110740 -0.050502 -0.040742 0.076740 0.783070 
14
0.574933 0.797347 -0.117678 0.140860 0.025496 -0.119428 0.921084 
6
0.032348 0.084898 -0.791740 0.604064 0.035912 0.047506 0.883517 
19
0.495375 0.853247 -0.149081 -0.065946 -0.055758 0.078019 0.763232 
000636
20
0.616121 0.786618 -0.012296 0.038417 -0.059189 0.090664 0.763810 
1
0.578166 0.787416 -0.148008 0.154253 0.022646 -0.023240 0.950046 
14
0.584500 0.787095 -0.140389 0.138319 0.027296 -0.115192 0.920048 
6
0.011251 -0.029749 0.806434 -0.590468 0.036739 0.051663 0.881926 
19
0.458346 0.561833 -0.644401 0.242918 -0.032222 0.057868 0.797899 
000648
1
0.578344 0.781880 -0.163107 0.166064 0.023388 -0.019116 0.952405 
14
0.584918 0.793485 -0.106359 0.130153 0.028068 -0.111480 0.922159 
20
0.580129 0.806626 0.102216 -0.048541 -0.043083 0.082892 0.786719 
6
0.012986 0.041084 -0.798468 0.600494 0.036942 0.055394 0.883570 
19
0.452886 0.873767 -0.145247 -0.101630 -0.055530 0.087325 0.759970 
21
0.667989 -0.457812 0.392349 -0.436189 -0.216221 0.084874 0.899398 
000653
1
0.580708 0.784326 -0.152483 0.156076 0.023168 -0.013823 0.954668 
20
0.602333 0.797723 -0.012849 0.025835 -0.061629 0.098791 0.766750 
14
0.598812 0.791711 -0.078424 0.092019 0.027034 -0.105791 0.924468 
6
0.010508 0.041832 -0.793108 0.607552 0.035500 0.060354 0.886624 
000656
20
0.616665 0.786927 -0.003012 0.021479 -0.066335 0.097330 0.770208 
1
0.579156 0.784807 -0.154948 0.156995 0.022750 -0.015368 0.955246 
14
0.587979 0.797132 -0.084344 0.108387 0.026427 -0.107705 0.925626 
6
0.009857 0.025656 -0.795697 0.605071 0.034922 0.059776 0.887837 
21
0.718099 -0.483065 0.363571 -0.344670 -0.218287 0.085363 0.900741 
000664
1
0.574940 0.788683 -0.153048 0.154917 0.018711 -0.024308 0.955949 
20
0.588942 0.807796 0.016842 0.018161 -0.062343 0.082099 0.774373 
14
0.589792 0.798266 -0.072132 0.098559 0.022378 -0.115453 0.925397 
6
0.002126 -0.029807 0.804458 -0.593257 0.031013 0.051996 0.888494 
19
0.395526 0.828111 0.319959 -0.235409 -0.031340 0.071565 0.771927 
21
0.349494 -0.807435 0.471507 0.059860 -0.217639 0.072994 0.919634 
000672
1
0.581343 0.781888 -0.161075 0.157309 0.016466 -0.013122 0.957519 
20
0.585998 0.809272 0.039609 -0.010774 -0.060467 0.093874 0.775732 
14
0.591857 0.797764 -0.074155 0.088203 0.019630 -0.105987 0.927023 
6
0.014836 -0.007987 0.800619 -0.598937 0.027562 0.061088 0.887891 
19
0.451445 0.863709 -0.214100 -0.066077 -0.040925 0.066745 0.781937 
21
0.689327 -0.449576 0.436393 -0.363690 -0.220980 0.090259 0.900104 
000685
20
0.650660 0.758135 0.005294 0.042939 -0.091411 0.086469 0.782890 
1
0.575839 0.783631 -0.162745 0.166874 0.009320 -0.021474 0.958412 
14
0.583242 0.802831 -0.078431 0.095601 0.014345 -0.111777 0.929421 
6
0.070224 0.114324 -0.794975 0.591619 0.023164 0.054071 0.891015 
21
0.692600 -0.520325 0.483704 -0.124895 -0.233823 0.070971 0.911163 
000694
20
0.610017 0.792001 0.008126 0.023387 -0.075142 0.088804 0.777751 
1
0.576623 0.788060 -0.145632 0.158930 0.016249 -0.023021 0.960532 
14
0.589807 0.797223 -0.076807 0.103263 0.021175 -0.113134 0.931405 
6
0.020173 0.055764 -0.805640 0.589430 0.027625 0.052107 0.892070 
000733
1
0.597247 0.775952 -0.126174 0.158980 0.040317 0.016015 0.965945 
20
0.614632 0.786667 -0.014644 0.056281 -0.071382 0.116243 0.779899 
14
0.599741 0.794950 -0.051316 0.075707 0.044648 -0.074850 0.940278 
6
0.008516 0.058334 -0.790510 0.609605 0.046771 0.088523 0.894116 
21
0.616706 -0.576956 0.489604 -0.216988 -0.204309 0.104832 0.919126 
000734
1
0.592381 0.780178 -0.119687 0.161502 0.040798 0.016515 0.966314 
20
0.623720 0.780862 0.023998 0.025559 -0.054280 0.117836 0.779103 
14
0.598827 0.797071 -0.042727 0.065253 0.045934 -0.074616 0.939992 
6
0.015317 0.084568 -0.788460 0.609052 0.047644 0.089072 0.894501 
21
0.590679 -0.459092 0.613832 -0.252075 -0.202439 0.107157 0.920975 
19
0.420514 0.856165 0.238073 -0.182950 -0.018787 0.101133 0.775960 
000756
1
0.587104 0.783729 -0.130165 0.155353 0.057315 -0.010201 0.966827 
20
0.624399 0.780242 0.014408 0.033755 -0.056838 0.093695 0.788321 
14
0.598972 0.796473 -0.037770 0.073733 0.061580 -0.100479 0.938532 
6
0.013685 -0.032543 0.798245 -0.601297 0.061484 0.065122 0.895623 
21
0.362494 -0.757247 0.542231 0.034056 -0.186773 0.078290 0.937859 
19
0.435395 0.860847 -0.263348 -0.004677 -0.032950 0.093604 0.779983 
000779
1
0.584730 0.791788 -0.108590 0.139181 0.061108 -0.027407 0.971787 
20
0.462557 0.860521 0.195947 -0.084552 -0.012590 0.056341 0.811229 
14
0.589828 0.805449 -0.029347 0.049940 0.064009 -0.116797 0.943905 
6
0.002995 -0.049274 0.805037 -0.591168 0.062873 0.047716 0.903075 
21
0.295475 -0.657970 0.688996 -0.071100 -0.179368 0.060505 0.945222 
19
0.360614 0.889838 -0.268590 0.077498 -0.004150 0.061997 0.800072 
000786
1
0.580616 0.793322 -0.119322 0.138879 0.058641 -0.038093 0.975487 
20
0.628461 0.775979 0.052486 0.011776 -0.043159 0.073302 0.799443 
14
0.587940 0.806145 -0.029597 0.059835 0.063775 -0.127273 0.946122 
6
0.047149 0.086494 -0.802736 0.588142 0.061464 0.038293 0.907417 
19
0.458625 0.852838 0.117112 -0.220490 -0.035029 0.058159 0.793096 
21
0.271026 -0.733257 0.622821 0.031201 -0.185584 0.050041 0.967254 
000803
1
0.583685 0.796957 -0.093130 0.124492 0.066861 -0.030511 0.980642 
20
0.629271 0.775561 0.048804 0.011895 -0.041622 0.077612 0.806415 
14
0.589792 0.800529 -0.063969 0.084891 0.072581 -0.120944 0.951497 
6
0.013447 0.054024 -0.798388 0.599564 0.067270 0.045479 0.911953 
21
0.373713 -0.710829 0.585171 -0.112414 -0.179125 0.056598 0.957409 
19
0.388866 0.908291 -0.082706 -0.130195 -0.026038 0.045712 0.825210 
000806
20
0.611986 0.789816 0.038370 0.013845 -0.048955 0.079482 0.809479 
1
0.582000 0.798759 -0.086775 0.125423 0.062085 -0.028262 0.984058 
14
0.597505 0.797630 -0.034377 0.074775 0.067384 -0.119000 0.953728 
6
0.048042 0.113249 -0.793976 0.595373 0.065119 0.048491 0.914365 
21
0.199081 -0.749524 0.608536 0.168119 -0.180740 0.061046 0.963831 
000818
1
0.582053 0.790873 -0.114206 0.150632 0.069951 -0.016706 0.986890 
20
0.657646 0.749107 0.078345 0.014226 -0.048243 0.087082 0.822504 
14
0.591751 0.801824 -0.040354 0.072670 0.076085 -0.105265 0.958310 
6
0.013530 0.071560 -0.806386 0.586887 0.071342 0.058580 0.916450 
19
0.448531 0.861030 -0.205773 -0.122904 -0.023455 0.081848 0.800810 
21
0.506977 -0.634370 0.546818 -0.203812 -0.174201 0.068685 0.957227 
000820
1
0.573147 0.794569 -0.118253 0.161802 0.075341 -0.017978 0.986507 
14
0.590743 0.803563 -0.034174 0.064361 0.080884 -0.106941 0.957421 
20
0.626897 0.776913 -0.001026 0.058362 -0.040885 0.085649 0.822569 
6
0.005248 0.109517 -0.803502 0.585118 0.076192 0.059105 0.916475 
19
0.452164 0.797270 -0.349984 0.193442 -0.018547 0.088399 0.798495 
21
0.673881 -0.489141 0.443121 -0.332068 -0.170457 0.071346 0.957329 
000821
1
0.580038 0.792197 -0.120428 0.146549 0.079336 -0.016325 0.985684 
14
0.586737 0.808282 -0.005941 0.048829 0.083401 -0.105235 0.958000 
19
0.452672 0.563927 0.570954 -0.388696 -0.020939 0.094387 0.800692 
6
0.013523 0.098013 -0.793084 0.601023 0.080030 0.061774 0.915766 
20
0.358309 0.636173 0.591661 0.341811 0.151591 0.002666 0.955542 
21
0.645154 -0.510886 0.507537 -0.255301 -0.167334 0.071694 0.961109 
000834
20
0.632241 0.772610 0.057763 -0.003003 -0.037897 0.093832 0.816822 
1
0.584449 0.792209 -0.103159 0.142064 0.073808 -0.011843 0.989032 
14
0.594691 0.800352 -0.042239 0.063204 0.078270 -0.099838 0.961871 
6
0.044508 0.054491 -0.802736 0.592169 0.073147 0.061642 0.917976 
21
0.353348 -0.686859 0.619400 -0.140401 -0.168262 0.076166 0.970533 
000836
1
0.595417 0.788837 -0.091473 0.121849 0.071940 -0.014274 0.989187 
20
0.625281 0.778977 0.040599 0.023876 -0.051605 0.088984 0.818640 
14
0.596081 0.801395 -0.027335 0.041298 0.074680 -0.103783 0.962347 
6
0.035609 0.096224 -0.800177 0.590923 0.070672 0.059743 0.919481 
19
0.387219 0.921493 0.016556 -0.025273 -0.009174 0.070096 0.824396 
21
0.332869 -0.835898 0.428755 -0.081499 -0.165803 0.072670 0.974645 
000854
1
0.581409 0.794887 -0.101648 0.140661 0.055280 -0.014915 0.994273 
20
0.622952 0.780095 0.057623 0.007810 -0.055181 0.091241 0.817502 
14
0.592759 0.802494 -0.025180 0.063294 0.060663 -0.104898 0.965480 
6
0.006427 0.065592 -0.799682 0.596795 0.055364 0.061231 0.923854 
19
0.363740 0.668742 0.557491 -0.331182 -0.041104 0.079317 0.813703 
21
0.617317 -0.506757 0.593133 -0.101544 -0.196691 0.074958 0.968097 
000855
1
0.593726 0.791190 -0.085917 0.118858 0.052874 -0.009810 0.995713 
20
0.634065 0.772006 0.041891 0.014616 -0.061989 0.093055 0.820889 
14
0.594525 0.801577 -0.028155 0.056754 0.058146 -0.102338 0.966746 
6
0.036459 -0.061564 0.798547 -0.597664 0.053198 0.062415 0.924535 
21
0.170635 -0.758038 0.619895 0.109510 -0.189453 0.074912 0.972403 
19
0.343045 0.913600 -0.205050 0.074901 -0.025240 0.080432 0.823711 
000858
1
0.590146 0.795839 -0.077938 0.110874 0.046526 -0.005000 0.998127 
20
0.596323 0.801277 0.048132 -0.006113 -0.065970 0.098319 0.817425 
14
0.589735 0.806142 -0.004682 0.048220 0.051034 -0.095575 0.969339 
6
0.002689 -0.091234 0.791257 -0.604633 0.045997 0.070809 0.927758 
21
0.612478 -0.518129 0.518918 -0.295189 -0.201729 0.086448 0.964010 
19
0.411449 0.791937 0.373573 -0.252961 -0.039013 0.090461 0.816586 
000862
1
0.593115 0.794168 -0.073992 0.109716 0.042064 0.001205 1.000074 
20
0.632434 0.771939 0.064079 0.005588 -0.065155 0.106717 0.823840 
14
0.589372 0.805599 -0.012768 0.059064 0.046318 -0.087599 0.973176 
6
0.008029 -0.072468 0.800580 -0.594773 0.043432 0.076850 0.929135 
19
0.052310 -0.847816 0.350391 -0.394585 0.116745 0.017151 0.970412 
21
0.618435 -0.543257 0.505924 -0.257781 -0.201615 0.092866 0.967239 
000871
1
0.595047 0.787112 -0.102890 0.125647 0.061664 0.012325 0.999153 
20
0.641024 0.764977 0.055638 0.028326 -0.063922 0.112235 0.829653 
14
0.600563 0.797755 0.053222 -0.008844 0.064029 -0.077181 0.971864 
6
0.019396 0.080723 -0.792046 0.604790 0.061200 0.085483 0.927022 
21
0.608042 -0.537845 0.572606 -0.114591 -0.183799 0.102235 0.979129 
19
0.460006 0.665157 0.461207 -0.365033 -0.031011 0.098561 0.834602 
000874
20
0.650162 0.755227 0.082745 -0.008686 -0.048246 0.114331 0.827515 
1
0.594906 0.783188 -0.123114 0.132465 0.065223 0.006995 0.997798 
14
0.598251 0.800557 -0.015198 0.031200 0.068350 -0.078321 0.972000 
6
0.012405 0.062764 -0.793466 0.605242 0.062687 0.082856 0.929759 
21
0.375929 -0.671427 0.626785 -0.122492 -0.176605 0.101014 0.965262 
19
0.014901 0.894275 -0.344683 0.285034 0.144785 0.014953 0.964583 
17
0.914169 -0.116658 -0.288756 0.259433 0.137703 -0.000097 0.946065 
000884
20
0.559646 0.824406 0.071405 -0.045303 -0.054913 0.118540 0.820796 
1
0.604507 0.784386 -0.084671 0.110185 0.066074 0.019194 0.997769 
14
0.607083 0.791449 0.070119 -0.011924 0.070127 -0.070685 0.969146 
6
0.025940 0.114006 -0.789084 0.603055 0.063497 0.092283 0.926666 
19
0.127684 0.901029 -0.414192 0.016978 0.150124 0.022974 0.932172 
21
0.598957 -0.550898 0.523927 -0.251521 -0.183637 0.106866 0.975244 
17
0.664451 0.004732 -0.670600 -0.329816 0.132317 0.021569 0.932979 
000892
20
0.618120 0.781292 0.083616 -0.022798 -0.056712 0.122382 0.831248 
1
0.600324 0.789404 -0.072348 0.105910 0.071033 0.023250 0.997138 
14
0.599873 0.799744 0.011421 0.020761 0.074391 -0.065736 0.970150 
6
0.008486 0.079671 -0.789757 0.608165 0.065172 0.097461 0.927542 
19
0.174639 0.949693 -0.051582 0.254801 0.125273 0.037319 0.942681 
21
0.106588 -0.824387 0.553416 0.052497 -0.149397 0.120382 0.984842 
000899
20
0.632480 0.770202 0.080737 -0.015492 -0.073250 0.116583 0.844827 
1
0.594146 0.793997 -0.070725 0.107503 0.066171 0.018470 1.003299 
14
0.604494 0.788559 0.102755 -0.046936 0.069550 -0.068157 0.974583 
6
0.004681 -0.042310 0.808398 -0.587095 0.060893 0.093557 0.933331 
19
0.037255 -0.904952 0.284509 -0.314210 0.130079 0.037696 0.960605 
000902
1
0.602880 0.789503 -0.066334 0.093923 0.059765 0.015381 1.006494 
14
0.589951 0.806487 -0.010915 0.037648 0.063144 -0.070658 0.980584 
20
0.620828 0.779468 0.082692 -0.012790 -0.057414 0.117717 0.836042 
6
0.026363 0.079175 -0.789915 0.607512 0.054724 0.090795 0.937257 
19
0.530034 0.832684 -0.158194 -0.026000 -0.059451 0.102159 0.849973 
21
0.620182 -0.508524 0.531755 -0.272055 -0.192937 0.105873 0.988111 
000905
1
0.594001 0.792582 -0.084815 0.108554 0.056057 0.008093 1.009115 
20
0.651755 0.753661 0.083646 -0.014656 -0.073356 0.111668 0.848859 
14
0.594535 0.803845 0.017170 0.008110 0.059326 -0.075494 0.982428 
6
0.041582 0.082538 -0.803445 0.588162 0.051572 0.086064 0.938715 
19
0.578284 0.798754 -0.162297 -0.035201 -0.068501 0.105163 0.853472 
21
0.357817 -0.749845 0.537046 -0.145884 -0.190341 0.092978 1.012450 
000907
1
0.592630 0.794150 -0.077162 0.110280 0.055022 0.003809 1.010333 
20
0.668817 0.738500 0.084695 -0.011343 -0.073776 0.106571 0.851827 
14
0.605984 0.795051 0.022615 0.012869 0.053542 -0.084018 0.982485 
6
0.043692 0.106775 -0.795543 0.594813 0.051455 0.079195 0.941287 
19
0.095198 0.928566 -0.286786 0.215537 0.110860 0.009336 0.948535 
000913
1
0.592872 0.795352 -0.071616 0.103868 0.055718 -0.012939 1.015101 
14
0.595841 0.802582 0.020751 0.020125 0.059921 -0.098260 0.987958 
20
0.575213 0.814152 0.076022 -0.022505 -0.070169 0.090797 0.845097 
6
0.033621 0.121665 -0.790599 0.599183 0.052548 0.066143 0.946845 
19
0.369673 0.498345 0.645362 -0.445536 -0.057424 0.092780 0.835304 
21
0.449413 -0.585298 0.664580 -0.117418 -0.195504 0.074662 1.010323 
000919
1
0.593686 0.792863 -0.079284 0.112334 0.062770 -0.007510 1.016184 
14
0.597360 0.801327 0.032071 0.002700 0.065490 -0.094278 0.987392 
20
0.602408 0.792874 0.083659 -0.038176 -0.056841 0.096928 0.848719 
6
0.025136 0.069509 -0.794614 0.602598 0.059319 0.070623 0.947232 
19
0.457604 0.867055 -0.196306 0.016692 -0.051265 0.087593 0.850400 
21
0.550728 -0.562785 0.598483 -0.147614 -0.183208 0.081104 1.009898 
000927
1
0.601427 0.791058 -0.057465 0.095970 0.073731 0.012949 1.017250 
14
0.603854 0.795525 0.049908 -0.003010 0.077449 -0.076082 0.988492 
20
0.600761 0.795339 0.074275 -0.031718 -0.053318 0.115671 0.846669 
6
0.020147 0.094704 -0.799250 0.593148 0.068601 0.087083 0.946419 
19
0.508503 0.769686 -0.374490 0.093629 -0.035851 0.115801 0.834902 
21
0.195587 -0.710708 0.675545 -0.016686 -0.173206 0.098967 1.020210 
17
0.849622 -0.407127 0.012190 0.335025 0.152279 0.001848 0.989912 
000937
1
0.598972 0.793261 -0.053903 0.095203 0.074327 0.014673 1.020182 
14
0.608001 0.792004 0.054424 -0.010128 0.076993 -0.072498 0.992599 
20
0.368917 0.628992 0.598197 0.332310 0.137577 0.040720 0.986088 
6
0.057148 0.107269 -0.789359 0.601780 0.068315 0.088811 0.949419 
19
0.547430 0.786971 -0.280220 0.049747 -0.047866 0.115125 0.851785 
21
0.500498 -0.641421 0.566999 -0.128814 -0.177519 0.099725 1.007271 
17
0.890964 -0.230582 -0.049391 0.388041 0.156261 -0.000218 0.981358 
000942
1
0.601499 0.791950 -0.052779 0.090711 0.074344 0.013818 1.021416 
20
0.626722 0.775238 0.072636 -0.030807 -0.055335 0.116717 0.854518 
14
0.605146 0.795787 0.009379 0.020801 0.076164 -0.071849 0.995911 
6
0.035903 0.091025 -0.789969 0.605289 0.068725 0.090712 0.951952 
19
0.061857 0.920130 -0.276304 0.270540 0.139486 0.035775 0.965556 
21
0.556782 -0.597079 0.553029 -0.166279 -0.177059 0.100281 1.017287 
000943
1
0.604117 0.790449 -0.053709 0.085718 0.073595 0.015648 1.022654 
14
0.604675 0.791074 0.083676 -0.039603 0.076062 -0.071324 0.994727 
20
0.618251 0.782879 0.064018 -0.027712 -0.050996 0.118019 0.852418 
6
0.000438 -0.040309 0.801736 -0.596317 0.067325 0.090030 0.952166 
19
0.525533 0.822127 -0.217932 0.020667 -0.042255 0.108231 0.863525 
21
0.386563 -0.678619 0.615548 0.105571 -0.172320 0.101574 1.021120 
000950
1
0.599588 0.792149 -0.062967 0.095022 0.064615 0.014178 1.029205 
14
0.600946 0.796284 0.063471 -0.027690 0.066141 -0.071980 1.001725 
20
0.646264 0.759023 0.078886 0.001953 -0.073517 0.110940 0.882123 
6
0.006780 -0.045717 0.794519 -0.605478 0.058216 0.090306 0.958666 
19
0.461405 0.860346 -0.215807 0.018373 -0.052540 0.103272 0.863385 
21
0.560690 -0.539231 0.618994 -0.108182 -0.183843 0.104203 1.023546 
000958
1
0.600146 0.789473 -0.078333 0.102087 0.061064 0.009946 1.032704 
14
0.606076 0.793825 0.049581 -0.007376 0.062883 -0.075690 1.006379 
20
0.629545 0.771444 0.085682 -0.034733 -0.067949 0.109607 0.869651 
6
0.051520 0.116565 -0.785594 0.605475 0.056121 0.086027 0.963333 
19
0.544885 0.795578 -0.264868 0.001176 -0.064272 0.108525 0.872266 
21
0.363287 -0.635030 0.678335 0.067981 -0.189205 0.101820 1.036657 
000959
1
0.598071 0.789436 -0.081357 0.111730 0.062138 0.009795 1.032870 
14
0.608207 0.789058 0.080144 -0.032385 0.063662 -0.075115 1.006006 
20
0.643347 0.758493 0.102528 -0.016756 -0.062312 0.114132 0.872906 
6
0.028463 0.090524 -0.790788 0.604690 0.055220 0.086654 0.964122 
19
0.549817 0.786719 -0.272324 0.067921 -0.075899 0.107931 0.873862 
21
0.327563 -0.636928 0.685513 -0.130757 -0.187025 0.100501 1.030042 
000971
1
0.588559 0.795387 -0.092521 0.111344 0.053547 0.001952 1.034929 
20
0.566897 0.821363 0.048866 -0.040030 -0.081248 0.101534 0.867972 
14
0.599142 0.799571 0.039733 -0.011627 0.054974 -0.084281 1.007838 
6
0.034913 0.090886 -0.795387 0.598231 0.049884 0.079213 0.965025 
19
0.434588 0.819991 -0.361088 0.091457 -0.055090 0.106162 0.851979 
21
0.307488 -0.611729 0.722187 0.098410 -0.193787 0.092381 1.039097 
000991
1
0.608190 0.785335 -0.077916 0.085338 0.044963 -0.004709 1.025686 
14
0.589350 0.807274 0.011996 0.028839 0.046488 -0.092425 0.998232 
20
0.600137 0.796351 0.063169 -0.040881 -0.081924 0.098115 0.865298 
6
0.070090 0.146782 -0.785177 0.597527 0.042323 0.072265 0.956288 
19
0.520087 0.834176 -0.182062 -0.022657 -0.071679 0.093530 0.868572 
21
0.197699 -0.705493 0.672679 0.103428 -0.197765 0.085920 1.027753 
000996
1
0.597189 0.789526 -0.092532 0.107014 0.030450 -0.003194 1.020847 
14
0.591023 0.805598 -0.000717 0.041274 0.032737 -0.090820 0.994277 
20
0.364162 0.641058 0.589350 0.330299 0.098917 0.021841 0.984596 
6
0.070395 0.124636 -0.787062 0.600037 0.029646 0.073775 0.952473 
19
0.527975 0.813159 -0.244466 0.015855 -0.084491 0.096917 0.861902 
21
0.413818 -0.629252 0.657712 0.014527 -0.218249 0.092009 1.021610 
001002
1
0.600560 0.791596 -0.079645 0.079747 0.040630 -0.018188 1.010052 
14
0.600060 0.799626 0.017933 0.014295 0.041111 -0.104427 0.982379 
20
0.601006 0.795485 0.064493 -0.042854 -0.080647 0.094921 0.840428 
6
0.069596 0.131964 -0.795292 0.587582 0.039352 0.060649 0.941905 
19
0.534336 0.820541 -0.197041 0.048709 -0.075458 0.089996 0.841120 
21
0.564597 -0.577875 0.579020 -0.109663 -0.208316 0.077241 1.008943 
001012
1
0.591543 0.798673 -0.067047 0.087767 0.053433 -0.019186 1.005609 
14
0.589330 0.806366 -0.017808 0.046337 0.052912 -0.106596 0.976348 
20
0.546572 0.836098 0.026425 -0.038737 -0.088190 0.085849 0.844994 
6
0.048732 0.081500 -0.796068 0.597712 0.050564 0.058065 0.936416 
19
0.013406 0.893677 -0.259575 0.365762 0.125457 -0.000891 0.962100 
21
0.387410 -0.650216 0.651636 -0.050040 -0.193601 0.074663 1.009279 
001024
1
0.596184 0.788907 -0.107194 0.103437 0.075508 -0.007798 1.002801 
14
0.602920 0.797753 -0.000696 0.008812 0.074777 -0.095824 0.973778 
19
0.536641 0.749638 -0.310453 0.231686 -0.046560 0.104996 0.825300 
6
0.003975 -0.060640 0.799393 -0.597727 0.069831 0.068673 0.932883 
20
0.368136 0.653691 0.590065 0.298308 0.138414 0.003939 0.968281 
21
0.620969 -0.538970 0.528036 -0.212338 -0.173521 0.083158 1.012754 
17
0.917492 -0.106186 -0.157176 0.349613 0.159107 -0.041221 0.946673 
001027
1
0.599262 0.792952 -0.073059 0.082305 0.087036 -0.002167 0.999366 
14
0.603176 0.797446 -0.006122 0.014891 0.086774 -0.088895 0.971875 
19
0.430309 0.536639 0.563877 -0.457051 -0.036752 0.110646 0.824280 
6
0.050180 0.116137 -0.799649 0.586989 0.080391 0.074939 0.931594 
20
0.362439 0.660132 0.584406 0.302213 0.148533 0.008103 0.963006 
17
0.855577 -0.358485 -0.001840 0.373461 0.165640 -0.013850 0.959186 
001059
1
0.589750 0.800200 -0.073246 0.080685 0.095361 -0.017647 1.003035 
14
0.600394 0.798396 0.045454 0.004986 0.097057 -0.105805 0.974050 
20
0.572847 0.806945 0.124460 -0.072084 -0.040496 0.084076 0.848021 
6
0.036007 0.132369 -0.806033 0.575755 0.084939 0.058232 0.934686 
19
0.498908 0.843742 -0.182522 0.076662 -0.053014 0.076051 0.855523 
001065
1
0.605270 0.784335 -0.099630 0.092411 0.087682 0.000250 1.013704 
14
0.598667 0.800119 0.037384 0.003149 0.086739 -0.088719 0.985815 
6
0.048415 0.106028 -0.792196 0.599033 0.077876 0.075771 0.943673 
20
0.509185 0.849375 0.102686 -0.093530 -0.047551 0.096909 0.849206 
19
0.520927 0.818063 -0.240954 0.036735 -0.051999 0.095054 0.863278 
21
0.461353 -0.692482 0.549671 -0.074052 -0.157694 0.086758 1.019943 
001074
1
0.618449 0.783495 -0.035003 0.049297 0.074700 0.005646 1.022131 
14
0.604937 0.796208 0.007755 0.006590 0.075738 -0.077745 0.997247 
6
0.043874 0.091653 -0.793894 0.599506 0.065290 0.081668 0.953536 
20
0.635239 0.757580 0.142230 -0.048107 -0.058869 0.112758 0.855336 
19
0.599338 0.773616 -0.205455 0.010037 -0.061218 0.105537 0.870592 
21
0.517178 -0.603707 0.573806 -0.197008 -0.176976 0.098011 1.034844 
17
0.736939 -0.414666 -0.086874 0.526712 0.163219 0.012558 0.993585 
001075
1
0.606791 0.790657 -0.056252 0.059176 0.073945 0.004100 1.022569 
14
0.597168 0.800420 0.048683 -0.018678 0.073168 -0.082162 0.996150 
6
0.079644 0.117789 -0.793264 0.592043 0.065366 0.081015 0.954985 
19
0.539431 0.809194 -0.230733 -0.031336 -0.061135 0.104225 0.863893 
20
0.381916 0.649621 0.603180 0.261356 0.132540 0.018264 0.991835 
21
0.464952 -0.612730 0.604837 -0.206286 -0.176402 0.097515 1.029911 
17
0.890385 -0.274821 0.100057 0.348820 0.148072 0.008442 0.974334 
001083
1
0.609217 0.788741 -0.050713 0.064579 0.082337 0.002111 1.026751 
14
0.602966 0.797490 0.020418 0.004891 0.084908 -0.082355 0.999720 
20
0.577519 0.805623 0.109312 -0.074129 -0.058999 0.099816 0.878039 
6
0.039830 0.093380 -0.801117 0.589834 0.071636 0.079885 0.957869 
19
0.528291 0.813597 -0.229204 0.080216 -0.062661 0.100260 0.878847 
001087
1
0.605597 0.794703 -0.005504 0.040858 0.081237 0.007680 1.032325 
14
0.602162 0.795119 0.065921 -0.028981 0.083097 -0.077208 1.005311 
20
0.592058 0.792902 0.122379 -0.076145 -0.064363 0.108404 0.877493 
6
0.041811 0.103577 -0.793459 0.598286 0.070294 0.084158 0.963596 
19
0.045532 -0.897932 0.205030 -0.386792 0.144729 0.027838 0.992294 
001090
1
0.611898 0.788345 -0.036680 0.052428 0.075974 0.008577 1.037678 
14
0.610058 0.785895 0.090866 -0.044063 0.078140 -0.076607 1.009810 
19
0.584590 0.785862 -0.189805 0.068192 -0.049676 0.114305 0.869679 
6
0.069521 0.129676 -0.785768 0.600766 0.064573 0.084840 0.968582 
20
0.535246 0.681836 0.494094 0.066954 0.121084 0.048325 1.007489 
21
0.311417 -0.750525 0.581908 0.033378 -0.170746 0.093520 1.047004 
001094
1
0.599531 0.794295 -0.051642 0.083618 0.065452 0.007513 1.042450 
14
0.601665 0.797531 0.043644 -0.006193 0.065563 -0.080154 1.016106 
19
0.580952 0.795425 -0.166298 0.046238 -0.065273 0.102485 0.897002 
6
0.051447 0.111473 -0.788507 0.602648 0.055739 0.083237 0.973711 
20
0.509744 0.850105 0.090199 -0.096677 -0.078720 0.096853 0.893745 
001097
1
0.606187 0.790707 -0.052302 0.067711 0.069002 0.005541 1.043034 
19
0.580805 0.753532 -0.262639 0.160860 -0.057106 0.112298 0.872811 
14
0.608733 0.792938 0.026275 0.001765 0.069470 -0.079594 1.017413 
6
0.050044 0.102373 -0.795313 0.595392 0.059358 0.082108 0.974468 
20
0.453223 0.696520 0.529862 0.169396 0.119626 0.032265 1.015593 
001103
1
0.602328 0.795389 -0.025991 0.062299 0.080551 0.000293 1.042868 
14
0.605046 0.794317 0.049136 -0.023785 0.077438 -0.088647 1.014033 
19
0.606512 0.774674 -0.178560 0.011816 -0.050443 0.101972 0.900075 
6
0.065360 0.141832 -0.791255 0.591208 0.068783 0.075401 0.974012 
20
0.539187 0.828547 0.111402 -0.101871 -0.059157 0.084605 0.910545 
17
0.784566 -0.408292 -0.078489 0.459993 0.149735 0.000754 0.996408 
001104
1
0.604273 0.793774 -0.030203 0.062171 0.079395 -0.003037 1.043406 
14
0.602941 0.795939 0.050743 -0.019203 0.076891 -0.090486 1.015512 
19
0.572468 0.800605 -0.176805 -0.007240 -0.050327 0.097273 0.897548 
6
0.039783 0.106135 -0.795368 0.595435 0.067352 0.073558 0.975054 
20
0.525676 0.839261 0.088514 -0.107103 -0.050069 0.082948 0.908441 
17
0.799861 -0.384748 -0.080667 0.453525 0.152544 0.000393 0.997293 
001107
1
0.602922 0.795777 -0.017355 0.054061 0.078822 -0.003430 1.045570 
14
0.601074 0.797219 0.052957 -0.018623 0.077563 -0.090382 1.018748 
19
0.539532 0.805621 -0.242876 0.029846 -0.062353 0.097699 0.888389 
6
0.087851 0.135022 -0.794669 0.585280 0.066680 0.070657 0.976449 
20
0.501454 0.677548 0.526614 0.110233 0.123082 0.025489 1.015762 
21
0.362392 -0.639648 0.674783 -0.064733 -0.168669 0.083338 1.067269 
001113
1
0.609351 0.789592 -0.037916 0.061627 0.090404 0.000717 1.048774 
14
0.611059 0.787120 0.078187 -0.030595 0.092555 -0.084316 1.021578 
19
0.596953 0.754804 -0.234500 0.137577 -0.049263 0.106152 0.888351 
6
0.025290 0.095238 -0.798496 0.593881 0.077339 0.077871 0.980323 
20
0.661948 0.549166 0.456223 0.228257 0.115750 0.032994 1.023573 
001119
1
0.606664 0.792677 -0.015628 0.058120 0.095465 -0.001632 1.055155 
14
0.616688 0.786421 0.035182 0.000760 0.093278 -0.089515 1.026956 
19
0.437975 0.769966 -0.441016 0.144342 -0.032967 0.099089 0.890842 
6
0.057035 0.099302 -0.796628 0.593523 0.081025 0.074250 0.987296 
16
0.251732 0.150389 0.925307 0.240459 -0.248211 -0.195735 1.422427 
20
0.486815 0.729031 0.475360 0.074549 0.141128 0.045388 1.028573 
21
0.472215 -0.697698 0.534798 -0.064978 -0.162245 0.080296 1.067122 
9
0.019085 -0.221900 0.873397 -0.433099 -0.224899 -0.154028 1.427034 
001120
1
0.607980 0.791992 -0.022412 0.051055 0.095723 -0.002897 1.055811 
14
0.606539 0.792635 0.059364 -0.017777 0.094310 -0.089079 1.029147 
19
0.513812 0.751142 -0.359941 0.205489 -0.037479 0.107336 0.881281 
6
0.002643 0.051291 -0.803300 0.593356 0.079916 0.073912 0.987703 
16
0.218438 0.155207 0.928771 0.256087 -0.256334 -0.190757 1.419797 
20
0.658890 0.451247 0.324522 0.506879 0.094439 0.011435 1.024196 
21
0.375233 -0.672772 0.633593 0.071679 -0.152758 0.082466 1.057625 
001122
1
0.610936 0.789003 -0.032137 0.056559 0.095773 -0.001863 1.058942 
14
0.615972 0.787355 0.024859 0.005636 0.094206 -0.089647 1.030577 
19
0.533458 0.777126 -0.295638 0.155229 -0.038377 0.105019 0.884897 
6
0.023068 0.095265 -0.795589 0.597855 0.080531 0.074465 0.990724 
20
0.604831 0.795321 0.040531 0.001057 -0.080659 0.098425 0.921191 
16
0.205357 0.137860 0.934464 0.256126 -0.256099 -0.190127 1.428109 
21
0.426978 -0.734745 0.527098 -0.002620 -0.158975 0.081940 1.069762 
001124
1
0.607819 0.792513 -0.013277 0.047984 0.095708 -0.003424 1.062533 
14
0.603388 0.795040 0.060525 -0.013077 0.095048 -0.089505 1.036427 
19
0.460669 0.749963 -0.418414 0.224209 -0.049409 0.099475 0.888373 
6
0.008301 0.082193 -0.799682 0.594713 0.079782 0.070477 0.993919 
20
0.597588 0.801451 0.023785 0.000061 -0.084255 0.093897 0.928136 
16
0.250017 0.129556 0.929479 0.238274 -0.245969 -0.190975 1.425369 
9
0.045384 -0.128225 0.895844 -0.423039 -0.218040 -0.148418 1.415962 
001126
1
0.612161 0.789806 0.004884 0.037960 0.095552 -0.003744 1.065447 
14
0.602781 0.796276 0.050026 -0.009825 0.093876 -0.090683 1.039462 
19
0.449633 0.791741 -0.380191 0.162580 -0.038798 0.096583 0.894788 
16
0.205726 0.166274 0.931412 0.250005 -0.257593 -0.189641 1.428428 
6
0.096231 0.153313 -0.775222 0.605199 0.080354 0.072759 0.997522 
20
0.597921 0.796587 0.062120 -0.063873 -0.081141 0.093746 0.932115 
001128
1
0.609675 0.791114 -0.021305 0.044524 0.095029 -0.000415 1.068665 
14
0.609002 0.788206 0.082218 -0.032996 0.095016 -0.086667 1.041735 
19
0.483260 0.742411 -0.416680 0.204118 -0.048520 0.107672 0.894756 
6
0.011968 0.085894 -0.793178 0.602783 0.079126 0.075335 1.000171 
20
0.562149 0.686280 0.453781 0.084215 0.125883 0.043252 1.037436 
16
0.205895 0.170661 0.909743 0.317568 -0.266697 -0.191594 1.439638 
001132
1
0.612312 0.790175 0.003953 0.026114 0.093060 0.002893 1.073256 
14
0.600998 0.798203 0.040810 0.002834 0.091608 -0.081626 1.048934 
19
0.509196 0.785015 -0.299123 0.187075 -0.043861 0.107894 0.910043 
6
0.105145 0.163187 -0.774780 0.601689 0.078201 0.078694 1.006164 
16
0.238071 0.149201 0.917845 0.280397 -0.251797 -0.171789 1.449280 
20
0.643040 0.763785 0.052196 -0.020185 -0.083246 0.103099 0.941547 
001133
1
0.617092 0.785539 -0.025658 0.038297 0.091481 0.002147 1.075337 
14
0.603040 0.796905 0.035723 0.003122 0.088655 -0.083485 1.050236 
19
0.527660 0.838182 0.028757 -0.134905 -0.057838 0.107796 0.909520 
6
0.023286 0.099302 -0.799577 0.591839 0.076698 0.077391 1.006760 
20
0.589833 0.805029 0.049228 -0.040034 -0.083063 0.101793 0.944697 
001135
1
0.617132 0.786314 -0.013673 0.025907 0.088735 0.006427 1.077789 
14
0.607747 0.793124 0.039971 0.000903 0.086951 -0.079298 1.052859 
6
0.087123 0.139998 -0.781839 0.601279 0.074293 0.081535 1.009076 
19
0.025952 -0.895088 0.341707 -0.285274 0.151703 0.022047 1.027541 
20
0.643893 0.761485 0.058100 -0.046543 -0.082522 0.106702 0.942199 
001137
1
0.615680 0.787525 0.002701 0.027118 0.086258 0.004805 1.079679 
14
0.601945 0.796630 0.048037 -0.027113 0.084759 -0.078817 1.055921 
6
0.109107 0.132299 -0.768189 0.616829 0.071302 0.081390 1.012599 
19
0.002041 0.933437 -0.207654 0.292524 0.145466 0.021046 1.028386 
20
0.650437 0.753340 0.090564 -0.034777 -0.094232 0.109026 0.940475 
001146
1
0.619100 0.784883 -0.021565 0.014409 0.086996 0.006635 1.084187 
14
0.606112 0.794625 0.031610 -0.014151 0.082026 -0.074420 1.061503 
19
0.008154 -0.901587 0.309383 -0.302252 0.148235 0.024046 1.035809 
20
0.618150 0.774347 0.115782 -0.069801 -0.097349 0.107033 0.957233 
6
0.025735 0.071363 -0.795113 0.601698 0.071828 0.085720 1.017479 
12
0.726720 0.628684 0.167046 -0.220750 -0.029190 -0.056351 1.026143 
001147
1
0.619200 0.783302 -0.036990 0.040765 0.085683 0.006844 1.085923 
14
0.600351 0.798959 0.035179 0.002245 0.083487 -0.075201 1.062912 
20
0.610613 0.783910 0.095088 -0.059962 -0.095328 0.105986 0.953998 
6
0.070365 0.120136 -0.781476 0.608203 0.070298 0.083789 1.019142 
19
0.000335 -0.896480 0.260728 -0.358253 0.149281 0.022918 1.039701 
16
0.271252 0.180318 0.918248 0.225229 -0.250987 -0.171957 1.468555 
001149
1
0.617757 0.785504 -0.022105 0.029511 0.086980 -0.004765 1.085027 
14
0.616846 0.786198 -0.005869 0.036869 0.081023 -0.087407 1.059766 
19
0.519620 0.809536 -0.260519 0.082320 -0.042791 0.107030 0.912712 
6
0.048381 0.098529 -0.792487 0.599929 0.071430 0.071799 1.017771 
20
0.656870 0.738368 -0.080423 0.129871 -0.109518 0.101267 0.967315 
21
0.284636 -0.745172 0.602753 -0.019745 -0.150250 0.065496 1.095262 
001151
1
0.614194 0.786996 -0.037158 0.044972 0.086084 -0.008326 1.085833 
14
0.605495 0.793151 0.061746 -0.021799 0.083311 -0.092997 1.060312 
19
0.008462 0.906173 -0.293269 0.304587 0.146076 0.007532 1.034263 
6
0.094752 0.159346 -0.785078 0.591002 0.072338 0.068610 1.018197 
20
0.627206 0.774134 0.070523 -0.048537 -0.091862 0.097605 0.953379 
001154
1
0.611902 0.789770 -0.023121 0.036115 0.085308 -0.003823 1.086429 
14
0.598457 0.800292 0.035640 -0.010593 0.082093 -0.091066 1.061522 
19
0.468985 0.860495 0.103954 -0.169691 -0.061242 0.103526 0.916330 
6
0.098266 0.128711 -0.781435 0.602608 0.072360 0.070931 1.018679 
16
0.186144 0.150423 0.931174 0.275023 -0.271904 -0.186628 1.435921 
20
0.481589 0.748963 0.454650 -0.020498 0.131997 0.043211 1.063882 
001155
1
0.612467 0.786444 -0.057082 0.055967 0.085934 -0.001719 1.087036 
14
0.610260 0.790548 0.044230 -0.025694 0.083980 -0.087981 1.061649 
19
0.428612 0.743341 0.400043 -0.322026 -0.057013 0.102675 0.919535 
6
0.034408 0.067969 -0.795878 0.600645 0.072042 0.074180 1.017857 
16
0.169318 0.193794 0.937440 0.234481 -0.269894 -0.167157 1.451212 
20
0.627324 0.777158 0.046533 -0.018016 -0.090871 0.105507 0.955482 
21
0.341759 -0.741201 0.560408 0.140585 -0.165243 0.088390 1.101651 
001156
1
0.611806 0.789153 -0.036321 0.040147 0.089183 0.003070 1.086073 
14
0.610982 0.791252 0.009320 0.023104 0.083901 -0.082379 1.060743 
6
0.046435 0.148956 -0.779033 0.607259 0.074315 0.080123 1.017392 
20
0.600079 0.790609 0.096338 -0.074582 -0.088819 0.105628 0.953805 
19
0.051078 -0.899860 0.276871 -0.333146 0.148106 0.018680 1.038377 
21
0.137626 -0.668783 0.725157 0.089083 -0.152366 0.102246 1.104488 
16
0.409358 -0.012024 0.831323 0.375745 -0.237993 -0.119067 1.498176 
001157
1
0.618034 0.784550 -0.038233 0.032456 0.091400 0.006172 1.086262 
14
0.603871 0.796652 0.025580 0.005639 0.086887 -0.079170 1.060971 
6
0.099268 0.122077 -0.770377 0.617869 0.077735 0.083484 1.017341 
19
0.486617 0.697408 0.427040 -0.307348 -0.062082 0.108846 0.918045 
20
0.663488 0.743138 -0.046771 0.073087 -0.086956 0.108237 0.968684 
16
0.198102 0.157246 0.901242 0.351841 -0.249268 -0.157965 1.479765 
21
0.376497 -0.656767 0.653225 0.014259 -0.149375 0.103480 1.108948 
12
0.784775 0.612823 -0.043912 0.081535 -0.072226 -0.153872 1.150249 
001158
1
0.614566 0.787988 -0.020006 0.031344 0.091124 0.006205 1.085496 
14
0.597310 0.801345 0.032659 -0.000450 0.087173 -0.077277 1.061082 
19
0.528288 0.758790 -0.336599 0.178468 -0.051933 0.113740 0.920993 
6
0.088694 0.138483 -0.786030 0.595913 0.077834 0.084189 1.018082 
20
0.657926 0.750592 0.043577 -0.042963 -0.080427 0.104368 0.971284 
12
0.756959 0.652673 0.004583 -0.031776 -0.039444 -0.089154 1.123285 
16
0.227140 0.169793 0.932496 0.223671 -0.245577 -0.166845 1.463739 
21
0.281572 -0.689408 0.603819 0.284317 -0.151113 0.074844 1.112125 
001160
1
0.613473 0.789306 -0.000866 0.025416 0.092598 0.010301 1.086558 
14
0.603791 0.795701 0.046938 -0.009657 0.088267 -0.076371 1.061424 
6
0.099999 0.130065 -0.782515 0.600628 0.078809 0.084681 1.017525 
19
0.035463 -0.904849 0.305286 -0.294603 0.153088 0.022644 1.036567 
20
0.677900 0.733612 0.033813 0.033478 -0.105666 0.110561 0.964543 
12
0.569376 0.818883 -0.063099 -0.035485 0.077903 -0.145812 1.281986 
16
0.205490 0.170680 0.926683 0.264387 -0.244007 -0.159971 1.476360 
001165
1
0.616435 0.787313 -0.003539 0.011537 0.092150 0.005612 1.085877 
14
0.604146 0.796389 0.026109 0.009514 0.086766 -0.078183 1.061872 
19
0.034607 -0.895943 0.326276 -0.299386 0.153805 0.021928 1.037102 
6
0.097561 0.134117 -0.786933 0.594332 0.077219 0.084554 1.019574 
20
0.673037 0.737939 0.048330 -0.011465 -0.106865 0.109491 0.966910 
12
0.624362 0.775701 -0.089694 0.020366 0.028539 -0.043645 1.163398 
9
0.048090 -0.146453 0.888817 -0.431560 -0.211380 -0.109689 1.450528 
16
0.194904 0.198276 0.896865 0.343996 -0.227522 -0.186088 1.466743 
21
0.398786 -0.783899 0.465266 0.099998 -0.140898 0.074582 1.100592 
001168
1
0.614213 0.787731 -0.029192 0.037008 0.085272 0.005207 1.088227 
14
0.606157 0.791197 0.063109 -0.050982 0.083654 -0.078409 1.062609 
20
0.602426 0.793680 0.067219 -0.051344 -0.090485 0.111066 0.947418 
6
0.081418 0.111165 -0.782245 0.607541 0.071867 0.082460 1.021239 
19
0.027398 -0.890548 0.341909 -0.298784 0.142883 0.017576 1.035963 
16
0.233226 0.276987 0.904335 0.225967 -0.238306 -0.181740 1.477581 
12
0.719881 0.693192 0.022979 -0.026979 -0.084741 -0.043775 1.097364 
001169
1
0.606013 0.794357 -0.022014 0.035506 0.083472 0.004811 1.088013 
14
0.605036 0.795578 0.030070 -0.009079 0.078683 -0.079998 1.064715 
19
0.028540 -0.895474 0.324742 -0.303076 0.144109 0.020142 1.038918 
6
0.056775 0.094329 -0.792451 0.599917 0.069450 0.080396 1.021015 
20
0.662344 0.748668 0.028212 0.001410 -0.098982 0.110729 0.960247 
12
0.577372 0.720772 0.282834 -0.259104 -0.090058 -0.102667 1.212443 
9
0.056022 -0.120601 0.894319 -0.427213 -0.229045 -0.113658 1.444014 
16
0.292673 0.276185 0.882831 0.242227 -0.229250 -0.185633 1.487721 
001170
1
0.607936 0.793647 0.020509 -0.010868 0.084736 0.001563 1.087046 
14
0.607224 0.794021 0.026663 0.009947 0.078302 -0.080924 1.064754 
19
0.043886 -0.880991 0.349315 -0.316082 0.140457 0.016395 1.036021 
6
0.093159 0.122116 -0.778387 0.608706 0.069545 0.079125 1.021062 
20
0.637758 0.769508 0.026414 -0.020623 -0.090915 0.107217 0.960688 
12
0.618398 0.783941 -0.054943 -0.000791 0.018442 -0.126023 1.257160 
16
0.244925 0.167474 0.937659 0.180994 -0.250078 -0.208998 1.462552 
001171
1
0.609221 0.792957 0.007961 -0.002292 0.084424 -0.001674 1.086630 
14
0.605657 0.795409 0.018605 0.012579 0.078417 -0.083459 1.063576 
19
0.049185 -0.876600 0.332485 -0.344393 0.140243 0.012606 1.039185 
6
0.041186 0.111240 -0.792102 0.598752 0.068727 0.075831 1.020605 
20
0.615021 0.784976 0.040910 -0.062349 -0.090912 0.105164 0.957193 
16
0.182733 0.224555 0.927728 0.235593 -0.270260 -0.162364 1.456236 
21
0.342837 -0.852645 0.389565 0.060814 -0.153065 0.062663 1.099257 
001172
1
0.607178 0.791746 -0.049519 0.044951 0.084543 -0.004757 1.087251 
14
0.608795 0.792483 0.033900 -0.013769 0.079453 -0.085231 1.063754 
19
0.016956 -0.900022 0.338442 -0.274098 0.145699 0.012761 1.039122 
6
0.084832 0.152606 -0.778505 0.602863 0.070993 0.075965 1.020980 
20
0.656528 0.746204 0.100699 -0.044834 -0.099303 0.105901 0.961427 
16
0.241560 0.183910 0.929303 0.210288 -0.251733 -0.168466 1.466061 
001173
1
0.608401 0.793286 -0.021408 0.009402 0.086961 -0.006246 1.086570 
14
0.605216 0.795640 0.022259 -0.013261 0.081970 -0.086012 1.063056 
19
0.576658 0.811785 -0.059926 -0.069850 -0.043658 0.106434 0.921949 
6
0.078196 0.152786 -0.782991 0.597885 0.073482 0.075409 1.020518 
20
0.454755 0.735570 0.490879 0.105697 0.127074 0.032630 1.047238 
001175
1
0.601573 0.795487 0.065106 -0.032736 0.094080 -0.002412 1.086570 
14
0.602142 0.798097 0.009365 0.019447 0.086206 -0.087760 1.062079 
19
0.581006 0.784773 0.105273 -0.188363 -0.050882 0.108346 0.930662 
6
0.049902 0.131663 -0.788063 0.599276 0.079036 0.075200 1.019791 
20
0.675134 0.735994 0.048219 -0.013467 -0.083602 0.105803 0.956859 
16
0.211825 0.135671 0.941950 0.222383 -0.242955 -0.163859 1.471623 
001177
1
0.608281 0.793531 -0.008506 0.015175 0.102487 -0.001101 1.084948 
14
0.611945 0.786646 0.070661 -0.041452 0.095422 -0.084188 1.061019 
6
0.017060 0.150923 -0.781135 0.605607 0.086250 0.077983 1.018495 
19
0.432512 0.895237 -0.106680 0.010146 -0.050089 0.098080 0.915492 
20
0.659128 0.740945 0.111373 -0.064396 -0.075464 0.110191 0.952873 
17
0.761647 -0.444018 0.031800 0.470883 0.176436 0.006499 1.033197 
16
0.230205 0.047919 0.932287 0.274863 -0.246391 -0.173840 1.477843 
21
0.130014 -0.807943 0.533108 0.214758 -0.133788 0.068498 1.101252 
001195
1
0.603630 0.797114 -0.000181 0.015475 0.116020 -0.015311 1.081418 
14
0.598522 0.799074 -0.028190 0.049571 0.111813 -0.100124 1.055438 
19
0.012953 0.892010 -0.295358 0.341926 0.178485 0.000428 1.031406 
6
0.047950 0.086237 -0.791345 0.603355 0.098101 0.064698 1.015707 
20
0.460795 0.760405 0.455158 0.047792 0.162485 0.022322 1.062909 
001199
1
0.615052 0.788334 -0.008468 0.012987 0.112154 -0.013542 1.082954 
14
0.596255 0.801468 0.044630 -0.011691 0.108825 -0.096250 1.058276 
19
0.008716 -0.917188 0.243888 -0.314973 0.175351 0.001867 1.035251 
6
0.060583 0.096089 -0.783621 0.610766 0.095651 0.066905 1.015278 
20
0.618038 0.775886 0.108060 -0.065977 -0.074641 0.092189 0.961049 
001202
1
0.612187 0.790280 0.022973 0.012517 0.108863 -0.005719 1.084417 
14
0.599649 0.799851 0.024613 0.007333 0.106916 -0.092063 1.059201 
19
0.016955 0.935285 -0.276164 0.220652 0.169230 0.006561 1.030399 
6
0.053221 0.103678 -0.800155 0.588363 0.092454 0.069919 1.016107 
20
0.641541 0.757069 0.095816 -0.078049 -0.067246 0.095141 0.959345 
001205
1
0.613625 0.789293 -0.015085 0.015937 0.106853 -0.008430 1.083142 
14
0.599237 0.799983 0.006970 0.029898 0.103048 -0.090840 1.058255 
19
0.017711 -0.872041 0.325947 -0.364678 0.170444 0.010989 1.035171 
6
0.023283 0.075720 -0.788399 0.610042 0.088012 0.072358 1.015468 
20
0.609586 0.763079 0.166514 -0.135606 -0.072495 0.097187 0.957595 
21
0.274395 -0.884751 0.319759 -0.199193 -0.100861 0.062904 1.086000 
001207
1
0.616597 0.787248 0.006961 0.001115 0.104968 -0.010473 1.081638 
14
0.604289 0.794982 0.052104 -0.011137 0.100330 -0.092097 1.057941 
19
0.009895 -0.898612 0.305436 -0.314814 0.163579 0.006409 1.028616 
6
0.079408 0.119532 -0.788974 0.597433 0.086931 0.068308 1.014653 
20
0.643425 0.764437 0.040248 -0.004483 -0.095536 0.098059 0.953632 
001211
1
0.618057 0.779750 -0.082909 0.055868 0.106074 -0.016707 1.076859 
14
0.600580 0.799190 0.006123 0.023692 0.100111 -0.099588 1.051406 
19
0.048174 -0.896942 0.273100 -0.344371 0.165828 0.001346 1.028552 
6
0.026734 0.116298 -0.801618 0.585806 0.089711 0.064060 1.008884 
20
0.577221 0.802682 0.105496 -0.106718 -0.048456 0.097325 0.930385 
21
0.217348 -0.863406 0.446214 -0.090466 -0.115214 0.132126 0.947740 
001212
1
0.616114 0.785772 0.047838 -0.026023 0.107959 -0.018452 1.074502 
14
0.599570 0.799398 -0.004250 0.038213 0.103621 -0.099610 1.050819 
19
0.016142 -0.895344 0.292245 -0.335695 0.170696 0.000338 1.026848 
6
0.039511 0.085915 -0.792687 0.602250 0.091531 0.064051 1.010133 
20
0.639383 0.765865 0.067550 -0.008810 -0.092566 0.093894 0.953709 
21
0.208359 -0.813075 0.535319 0.094492 -0.116530 0.047721 1.088938 
001219
1
0.606403 0.794588 0.028924 -0.008224 0.127925 -0.004723 1.063292 
14
0.596267 0.799414 0.066579 -0.031158 0.122737 -0.091293 1.038916 
19
0.035481 -0.900498 0.269564 -0.339381 0.186694 0.008470 1.013773 
6
0.025943 0.083038 -0.802647 0.590075 0.109200 0.072558 0.997034 
20
0.566838 0.805359 0.134795 -0.109190 -0.046564 0.098522 0.933753 
21
0.265389 -0.823032 0.352824 0.357354 -0.097952 0.057839 1.085510 
001226
1
0.612337 0.789024 0.045603 -0.020103 0.129290 -0.004970 1.053153 
14
0.599102 0.794522 0.088117 -0.045253 0.125741 -0.086054 1.028509 
19
0.021847 0.935380 -0.255166 0.243880 0.186840 0.014723 0.997141 
6
0.030424 0.094695 -0.802179 0.588742 0.110392 0.076520 0.987787 
20
0.576625 0.806154 0.108220 -0.076863 -0.045784 0.103852 0.920361 
001231
1
0.605020 0.795809 -0.006343 0.024450 0.127159 -0.009671 1.046475 
14
0.603314 0.796592 0.035536 -0.013840 0.120291 -0.098484 1.021471 
6
0.014909 0.074474 -0.802088 0.592357 0.107873 0.071036 0.982337 
20
0.598766 0.781821 0.151484 -0.085365 -0.053708 0.095821 0.920464 
19
0.013067 -0.905378 0.248117 -0.344323 0.189106 0.008380 0.997566 
21
0.104186 -0.970091 -0.066100 0.209043 -0.080887 0.050238 1.078033 
001233
1
0.611651 0.790259 -0.014245 0.034221 0.129060 -0.012422 1.043453 
14
0.587761 0.801975 0.088473 -0.059545 0.124107 -0.100477 1.017443 
19
0.048334 -0.877204 0.333833 -0.341661 0.190155 0.003409 0.994129 
20
0.584116 0.801555 0.105525 -0.071994 -0.052567 0.094345 0.914638 
6
0.022175 0.091447 -0.803570 0.587726 0.110022 0.064938 0.977721 
21
0.121370 -0.984274 -0.122926 0.036924 -0.078850 0.043746 1.051591 
001235
1
0.611517 0.790885 0.023126 0.003702 0.131771 -0.014447 1.039995 
14
0.588976 0.800421 0.094756 -0.058778 0.129345 -0.101832 1.012827 
19
0.007842 -0.898378 0.292136 -0.327890 0.190102 -0.002187 0.989774 
6
0.025682 0.123069 -0.810701 0.571803 0.112095 0.061517 0.974632 
20
0.570577 0.808046 0.113666 -0.092645 -0.046173 0.091532 0.910147 
21
0.158494 -0.829580 0.509075 0.165891 -0.109013 0.047374 1.051189 
001251
1
0.608609 0.793314 0.015247 -0.003899 0.149800 -0.023218 1.027123 
14
0.587101 0.802053 0.087135 -0.066565 0.145986 -0.106879 0.999615 
6
0.052472 0.159657 -0.791316 0.587857 0.127779 0.059153 0.963581 
19
0.032077 -0.889167 0.278700 -0.361496 0.206904 -0.002664 0.979408 
20
0.582895 0.789900 0.169406 -0.087132 -0.030542 0.084436 0.904668 
001261
1
0.598433 0.800917 0.020097 -0.002643 0.171016 -0.032232 1.012267 
14
0.578248 0.810849 0.078671 -0.044325 0.167607 -0.118239 0.984302 
19
0.032735 -0.902279 0.235294 -0.359802 0.230584 -0.014174 0.964871 
6
0.022506 0.080022 -0.805794 0.586333 0.147542 0.047648 0.950135 
20
0.538822 0.811262 0.171699 -0.148471 -0.008756 0.074518 0.892193 
21
0.107385 -0.899038 0.381887 0.185370 -0.075572 0.024970 1.054036 
001267
1
0.590785 0.806195 0.024544 -0.020515 0.169752 -0.040142 1.004944 
14
0.574141 0.811471 0.091974 -0.058453 0.168034 -0.123320 0.974887 
19
0.014616 0.922128 -0.253201 0.292156 0.226751 -0.020475 0.954299 
6
0.044916 0.124722 -0.807446 0.574854 0.144992 0.043344 0.943911 
20
0.517619 0.828134 0.155969 -0.148113 -0.013096 0.066637 0.890974 
001275
1
0.600072 0.799818 0.012155 0.007513 0.140925 -0.044910 1.008404 
14
0.575662 0.812193 0.084758 -0.042106 0.140313 -0.128399 0.977783 
6
0.026424 0.101436 -0.797538 0.594093 0.116170 0.036338 0.945673 
20
0.538756 0.819519 0.144812 -0.130996 -0.037796 0.064155 0.886571 
19
0.044853 -0.882732 0.353629 -0.306134 0.201005 -0.031341 0.964252 
001289
1
0.584873 0.810619 0.019137 0.021321 0.129641 -0.036689 1.005437 
14
0.579167 0.810860 0.074675 -0.038665 0.129134 -0.123274 0.974474 
19
0.071952 -0.899430 0.255236 -0.347423 0.187137 -0.016497 0.953548 
6
0.026782 0.132686 -0.815247 0.563072 0.106684 0.042321 0.943168 
20
0.560068 0.812428 0.125363 -0.102801 -0.052366 0.067061 0.884004 
21
0.326116 -0.676410 0.651819 0.106067 -0.128780 0.016765 1.047956 
16
0.129431 0.127814 0.870619 0.457093 -0.179549 -0.223554 1.390544 
001296
1
0.594845 0.803778 0.008094 0.006003 0.124241 -0.042690 0.999839 
14
0.576427 0.808977 0.097755 -0.061094 0.123167 -0.129060 0.969470 
19
0.103195 -0.872837 0.344772 -0.329603 0.183597 -0.020547 0.950240 
20
0.575678 0.807960 0.097342 -0.079496 -0.059349 0.064545 0.876661 
6
0.036933 0.079575 -0.810949 0.578503 0.103064 0.035790 0.937422 
16
0.205211 0.065763 0.880736 0.421745 -0.184625 -0.232450 1.420955 
001299
1
0.589281 0.805577 -0.031644 0.052839 0.126865 -0.050441 0.994506 
14
0.566918 0.818355 0.075891 -0.056030 0.124353 -0.133572 0.966522 
6
0.036357 0.112366 -0.820826 0.558835 0.105181 0.031938 0.934328 
19
0.086893 -0.891777 0.279166 -0.345324 0.184780 -0.028033 0.947654 
20
0.384194 0.724515 0.565269 0.089125 0.178420 -0.020646 0.964403 
16
0.128330 0.096658 0.881464 0.444083 -0.181479 -0.242393 1.407682 
21
0.280767 -0.789604 0.536683 -0.098321 -0.133622 0.012147 1.038788 
001300
1
0.572458 0.816501 -0.032039 0.067752 0.130849 -0.050560 0.993530 
14
0.570752 0.820964 0.012892 0.009753 0.127845 -0.136023 0.963794 
6
0.012916 0.088872 -0.819490 0.566014 0.109668 0.030661 0.931806 
19
0.546330 0.802625 -0.184090 0.153058 -0.019515 0.068480 0.843878 
20
0.573074 0.805066 0.133358 -0.075299 -0.044232 0.060401 0.872556 
21
0.074472 -0.911857 0.395736 0.079767 -0.120272 0.007812 1.028378 
001301
1
0.574153 0.808163 -0.087271 0.098008 0.137008 -0.050365 0.990458 
14
0.572026 0.817113 0.057834 -0.042041 0.133051 -0.134484 0.960660 
19
0.467732 0.691772 0.436708 -0.334611 -0.021358 0.068822 0.843966 
6
0.025397 0.099645 -0.813729 0.572076 0.115460 0.033366 0.929315 
20
0.395405 0.698942 0.580451 0.134953 0.180072 -0.031793 0.946334 
21
0.417201 -0.728874 0.516625 -0.166688 -0.124695 0.018547 1.032109 
001302
1
0.573016 0.818362 -0.005642 0.043640 0.144010 -0.046690 0.987631 
14
0.564824 0.824566 0.030158 -0.012437 0.137610 -0.135110 0.958136 
19
0.557354 0.761071 -0.282811 0.173621 -0.020691 0.068284 0.843854 
20
0.255924 0.706366 0.612946 0.244636 0.194141 -0.011065 0.932114 
6
0.042509 0.120318 -0.821077 0.556372 0.120612 0.034450 0.926716 
21
0.019150 -0.939209 0.315340 -0.134467 -0.110178 0.006500 1.019424 
001303
1
0.592900 0.804523 -0.017064 0.030343 0.147600 -0.048945 0.984999 
14
0.576897 0.810235 0.081644 -0.063584 0.144390 -0.132241 0.955230 
19
0.540832 0.830949 -0.129372 0.016960 -0.025401 0.069204 0.839458 
6
0.003248 0.088956 -0.825971 0.556640 0.123964 0.033543 0.924299 
20
0.276047 0.683304 0.642107 0.211168 0.197704 -0.019479 0.941699 
16
0.098750 0.096291 0.874645 0.464728 -0.147481 -0.233320 1.388424 
21
0.288137 -0.816053 0.492120 -0.094086 -0.109437 0.012537 1.026083 
001304
1
0.579358 0.814753 0.021619 0.007326 0.151842 -0.048881 0.982473 
14
0.572202 0.819196 0.035302 -0.016042 0.148416 -0.133599 0.953326 
20
0.241353 0.689940 0.640031 0.236836 0.205313 -0.012946 0.930864 
6
0.017725 0.120219 -0.814587 0.567170 0.129176 0.034630 0.923431 
19
0.473085 0.773767 -0.378854 0.184239 -0.021118 0.069160 0.836056 
21
0.461964 -0.741539 0.475852 -0.101358 -0.107097 0.022102 1.028642 
001305
1
0.589571 0.807670 -0.001548 0.008474 0.154448 -0.045828 0.982309 
14
0.584009 0.806741 0.064137 -0.063155 0.151652 -0.131859 0.951748 
19
0.079787 -0.910589 0.298171 -0.274876 0.212808 -0.028249 0.934510 
6
0.055647 0.116533 -0.816188 0.563170 0.132492 0.035296 0.921494 
20
0.563701 0.801931 0.168856 -0.103133 -0.025333 0.060391 0.861905 
16
0.144627 0.052686 0.895884 0.416772 -0.135960 -0.242789 1.400748 
001307
1
0.587523 0.809069 0.011996 0.008981 0.156464 -0.044539 0.980360 
14
0.568489 0.816043 0.086088 -0.059010 0.156043 -0.130804 0.949454 
19
0.063258 -0.922380 0.280841 -0.257571 0.216226 -0.028318 0.930021 
6
0.004301 -0.136229 0.821872 -0.553127 0.133578 0.034367 0.918950 
20
0.440792 0.698616 0.553571 -0.105814 0.206844 0.005440 0.962793 
21
0.123268 -0.875311 0.443252 0.148873 -0.095413 0.020586 1.021935 
16
0.156671 0.085503 0.880423 0.439316 -0.144762 -0.242800 1.382221 
001308
1
0.586390 0.807394 0.054502 -0.035939 0.156363 -0.046007 0.980136 
14
0.570834 0.814103 0.085545 -0.063779 0.155584 -0.129197 0.949929 
6
0.035007 0.113509 -0.816797 0.564564 0.132925 0.035781 0.918955 
19
0.014992 -0.915991 0.265318 -0.300570 0.211639 -0.026708 0.929981 
20
0.584421 0.795991 0.131146 -0.087471 -0.030361 0.063584 0.866648 
16
0.195434 0.128929 0.922226 0.307705 -0.134596 -0.234721 1.400967 
21
0.123626 -0.907320 0.401269 0.021662 -0.104066 0.019989 1.009491 
001309
1
0.589485 0.807578 0.016948 -0.006174 0.154827 -0.043556 0.981052 
14
0.569921 0.817740 0.069249 -0.041172 0.153971 -0.128911 0.950438 
6
0.062963 0.124712 -0.811980 0.566720 0.131108 0.037098 0.919948 
20
0.228425 0.713569 0.622670 0.225664 0.206857 -0.003333 0.926432 
19
0.518281 0.774165 -0.325591 0.161382 -0.013141 0.066654 0.835700 
21
0.086038 -0.885845 0.453219 -0.049682 -0.103871 0.017163 1.022035 
16
0.085739 0.185009 0.858169 0.471133 -0.137739 -0.265118 1.374398 
001310
1
0.593582 0.804767 0.000997 0.003243 0.153905 -0.044563 0.980543 
14
0.576197 0.814976 0.059435 -0.016698 0.151457 -0.129221 0.949910 
19
0.093482 -0.896421 0.326238 -0.285061 0.209899 -0.024224 0.932066 
6
0.069196 0.133364 -0.804678 0.574386 0.130343 0.037831 0.919655 
20
0.562157 0.809303 0.130790 -0.109096 -0.027681 0.064127 0.866308 
16
0.174217 0.105492 0.836611 0.508530 -0.135424 -0.228979 1.404048 
21
0.037668 -0.928154 0.335135 -0.157469 -0.102280 0.013287 1.008646 
001313
1
0.591366 0.803242 0.055078 -0.045324 0.148614 -0.042118 0.981853 
14
0.572745 0.817779 0.051527 -0.023359 0.147298 -0.127129 0.951259 
19
0.080292 -0.913200 0.279944 -0.285045 0.205873 -0.024555 0.931127 
6
0.058269 0.141691 -0.809251 0.567134 0.124342 0.040379 0.920258 
20
0.564751 0.809023 0.124475 -0.105095 -0.034370 0.066885 0.869951 
16
0.152361 0.018066 0.878116 0.453180 -0.150897 -0.235347 1.397375 
21
0.179549 -0.927776 0.303736 0.121401 -0.102876 0.010641 1.005732 
001319
1
0.592346 0.805009 0.028015 -0.017355 0.136485 -0.039668 0.984563 
14
0.576810 0.813294 0.069956 -0.030795 0.134370 -0.124889 0.954467 
6
0.046163 0.118616 -0.813520 0.567436 0.113008 0.041180 0.923099 
19
0.042985 -0.903272 0.324796 -0.277054 0.194471 -0.026409 0.933714 
20
0.581207 0.803975 0.095785 -0.081532 -0.052375 0.072437 0.865909 
16
0.209269 0.132726 0.864477 0.437345 -0.159063 -0.222389 1.409106 
21
0.278317 -0.851199 0.433384 -0.100886 -0.125040 0.023472 1.023879 
001328
1
0.596076 0.801669 0.028407 -0.034823 0.126049 -0.036049 0.986010 
14
0.576680 0.816292 0.033190 0.002416 0.125199 -0.120692 0.956345 
19
0.021035 -0.888537 0.307993 -0.339412 0.186421 -0.020807 0.938027 
6
0.061223 0.082205 -0.807865 0.580387 0.104716 0.047747 0.924674 
20
0.563791 0.805832 0.146178 -0.106799 -0.043675 0.069348 0.867124 
21
0.443609 -0.634752 0.524906 -0.353234 -0.138073 0.044328 1.026924 
16
0.234005 0.125080 0.843470 0.467070 -0.184905 -0.215932 1.419093 
001330
1
0.598087 0.801377 -0.006168 0.006941 0.124053 -0.033788 0.986482 
14
0.576131 0.815046 0.058156 -0.019762 0.122298 -0.120235 0.956135 
20
0.555880 0.820299 0.099807 -0.090253 -0.055875 0.076546 0.862373 
19
0.062025 -0.892995 0.342833 -0.284920 0.182672 -0.016968 0.935835 
6
0.049351 0.106053 -0.808682 0.576499 0.102634 0.047108 0.923888 
21
0.425807 -0.752145 0.456320 -0.211514 -0.140369 0.035128 1.030413 
16
0.205279 0.220896 0.849831 0.432265 -0.186404 -0.214842 1.418087 
001333
1
0.599151 0.800509 -0.012135 0.007455 0.121881 -0.032211 0.984229 
14
0.578672 0.808125 0.089286 -0.064041 0.120503 -0.118516 0.953336 
19
0.060013 -0.886571 0.310942 -0.337202 0.182176 -0.012810 0.933970 
20
0.559841 0.821730 0.075656 -0.074927 -0.059782 0.077479 0.858389 
6
0.031079 0.092308 -0.806979 0.582493 0.102471 0.047784 0.921014 
16
0.221570 0.204832 0.900454 0.313263 -0.193431 -0.215601 1.407671 
21
0.028655 -0.919502 0.326559 -0.216921 -0.128605 0.024017 1.003111 
001334
1
0.598028 0.801447 -0.003620 0.005705 0.122298 -0.030951 0.982945 
14
0.580000 0.806634 0.091513 -0.067585 0.121500 -0.118837 0.951990 
19
0.058576 -0.897197 0.269763 -0.344724 0.180896 -0.016814 0.933916 
6
0.047442 0.142664 -0.808701 0.568682 0.102649 0.046851 0.920526 
20
0.553789 0.818731 0.121372 -0.090923 -0.056639 0.078793 0.855628 
16
0.202029 0.030693 0.889420 0.408869 -0.182693 -0.227851 1.395105 
21
0.011388 0.889633 -0.446204 0.096566 -0.128196 0.033087 1.021838 
001337
1
0.597851 0.801498 -0.009747 0.008977 0.122421 -0.035976 0.977369 
14
0.573351 0.818923 0.024380 0.006325 0.120416 -0.121875 0.949050 
20
0.572383 0.795123 0.155867 -0.125949 -0.039256 0.079056 0.843807 
6
0.003497 0.065090 -0.815655 0.574854 0.102029 0.045872 0.914940 
19
0.041984 -0.905195 0.261023 -0.332757 0.179914 -0.018187 0.926739 
16
0.202802 0.203602 0.856778 0.428192 -0.179529 -0.214962 1.409757 
21
0.252535 -0.811835 0.518011 -0.093881 -0.137038 0.030497 1.018329 
001338
1
0.589311 0.807650 0.017914 -0.009656 0.123687 -0.034898 0.975979 
14
0.575100 0.817690 0.025162 0.003287 0.121404 -0.120666 0.946092 
20
0.563253 0.809798 0.126486 -0.104761 -0.050345 0.076921 0.848627 
19
0.056949 -0.896758 0.293030 -0.326672 0.183250 -0.018563 0.929655 
6
0.024170 0.083724 -0.814429 0.573682 0.102045 0.046777 0.913466 
21
0.143779 -0.910707 0.372263 -0.106585 -0.124820 0.033576 1.011106 
001343
1
0.590670 0.806857 0.001384 -0.009399 0.124017 -0.039918 0.965898 
14
0.574304 0.818504 0.004024 0.014531 0.121609 -0.126349 0.936151 
20
0.542294 0.810044 0.168419 -0.146224 -0.039894 0.073169 0.836316 
19
0.073955 -0.911566 0.286722 -0.285252 0.180424 -0.023635 0.913946 
6
0.077199 0.129722 -0.807040 0.570875 0.103656 0.042479 0.904902 
21
0.209915 -0.834262 0.509124 0.027116 -0.134217 0.024695 1.010156 
16
0.204315 0.149941 0.837080 0.484841 -0.179861 -0.220421 1.397311 
001367
1
0.596450 0.802403 -0.012467 0.015532 0.129187 -0.013365 0.970469 
14
0.577049 0.814423 0.047622 -0.038232 0.126804 -0.098928 0.941589 
19
0.550852 0.777197 -0.265264 0.148868 -0.027792 0.100003 0.823670 
6
0.030047 0.085473 -0.803519 0.588344 0.108172 0.067804 0.907107 
20
0.387336 0.726856 0.559611 0.092128 0.180350 0.020540 0.935866 
16
0.120522 0.006635 0.875766 0.467401 -0.192639 -0.207693 1.411074 
21
0.043014 -0.918214 0.348422 -0.183397 -0.126175 0.051279 0.985394 
001397
1
0.609176 0.791547 0.039965 -0.027582 0.154142 0.024656 0.974401 
14
0.589212 0.801877 0.088173 -0.045248 0.152447 -0.059014 0.948699 
20
0.535737 0.821097 0.131255 -0.146822 -0.021215 0.127783 0.845527 
6
0.090129 0.146624 -0.804965 0.567812 0.128678 0.106194 0.909592 
19
0.004856 0.935976 -0.203663 0.287137 0.213909 0.042683 0.924446 
21
0.436635 -0.767154 0.348619 -0.315101 -0.109247 0.132069 0.858295 
001405
1
0.614434 0.788429 0.019509 -0.021693 0.151641 0.012904 0.981249 
14
0.593372 0.798663 0.085769 -0.051876 0.150066 -0.072676 0.953954 
20
0.568590 0.808782 0.114653 -0.097122 -0.035525 0.115803 0.857101 
6
0.052312 0.130123 -0.800660 0.582472 0.127052 0.089738 0.915497 
19
0.048924 -0.894086 0.285800 -0.341373 0.208687 0.027457 0.937072 
21
0.298390 -0.864616 0.265896 -0.304469 -0.067957 0.145326 0.871302 
001412
1
0.608965 0.792919 0.020320 0.005326 0.140133 0.013629 0.992198 
20
0.587154 0.803181 0.067573 -0.074724 -0.055517 0.116640 0.868329 
14
0.593826 0.797479 0.094296 -0.050070 0.138899 -0.071140 0.965066 
19
0.029957 -0.911190 0.310030 -0.269660 0.195332 0.031380 0.938530 
6
0.039540 0.131198 -0.797238 0.587908 0.115440 0.091343 0.927026 
21
0.262472 -0.817610 0.398227 -0.322548 -0.124612 0.124088 0.859644 
001413
1
0.607573 0.794084 0.005048 0.016137 0.139197 0.013380 0.992582 
14
0.584992 0.804926 0.088179 -0.045853 0.137550 -0.071416 0.966706 
20
0.601230 0.789877 0.098511 -0.070093 -0.055486 0.117243 0.869235 
19
0.014270 -0.913426 0.294210 -0.280873 0.197916 0.028174 0.942850 
6
0.036489 0.105418 -0.799362 0.590403 0.114720 0.092805 0.928324 
21
0.263049 -0.945024 0.120875 -0.152065 -0.105354 0.073697 1.029651 
001426
1
0.598839 0.800463 0.010809 0.023130 0.136570 0.001048 0.997276 
14
0.587495 0.801693 0.090707 -0.062528 0.135667 -0.085159 0.970759 
19
0.038178 -0.923876 0.269260 -0.269248 0.193987 0.016105 0.944774 
6
0.077257 0.123265 -0.802316 0.578901 0.112533 0.078524 0.933075 
20
0.535728 0.824063 0.143878 -0.114951 -0.046761 0.102446 0.871418 
21
0.012393 0.976144 -0.189701 0.104897 -0.112885 0.059050 1.025943 
001442
1
0.613196 0.789619 0.021885 0.003758 0.124666 0.007375 1.005691 
14
0.598338 0.795323 0.080587 -0.054395 0.124047 -0.076772 0.980140 
20
0.569659 0.812738 0.088912 -0.083907 -0.064469 0.106329 0.881502 
6
0.054663 0.140605 -0.788737 0.595933 0.100814 0.086359 0.940579 
19
0.014578 -0.913489 0.253839 -0.317634 0.183292 0.024707 0.956113 
21
0.366499 -0.837239 0.404258 0.035843 -0.116844 0.086580 1.044893 
001457
14
0.584246 0.799631 0.120187 -0.069297 0.117811 -0.101331 0.982576 
1
0.598830 0.800367 0.018721 0.021542 0.116788 -0.015132 1.010019 
19
0.017381 -0.899197 0.292811 -0.324661 0.177881 0.000474 0.961347 
20
0.586104 0.798212 0.115494 -0.077462 -0.074977 0.085481 0.890144 
6
0.008507 0.107294 -0.808820 0.578123 0.092607 0.062231 0.944873 
21
0.334139 -0.683529 0.637148 0.123209 -0.134389 0.061026 1.056777 
12
0.611584 0.300461 -0.623367 0.383538 -0.277380 -0.173283 1.368141 
001478
1
0.609080 0.791565 0.000241 0.049456 0.104252 0.012399 1.017658 
14
0.601235 0.790109 0.111103 -0.043591 0.107715 -0.072749 0.989758 
20
0.542215 0.829062 0.096114 -0.097068 -0.079784 0.105393 0.885481 
6
0.055200 0.151783 -0.769523 0.617858 0.076280 0.090851 0.950531 
19
0.065171 -0.894442 0.310504 -0.315142 0.163821 0.029585 0.970096 
21
0.199550 -0.862992 0.396939 -0.240550 -0.156113 0.076367 1.064894 
001493
1
0.609995 0.791879 0.013910 0.025316 0.091993 0.015622 1.019952 
14
0.605638 0.787250 0.101559 -0.055913 0.095128 -0.069440 0.994367 
19
0.031964 -0.922044 0.252558 -0.291596 0.149892 0.035239 0.967379 
6
0.075970 0.150848 -0.783033 0.598609 0.065990 0.091919 0.953424 
20
0.537587 0.820496 0.157518 -0.113904 -0.088997 0.102332 0.889432 
21
0.234282 -0.725184 0.647054 0.023260 -0.164344 0.085634 1.065012 
16
0.156862 -0.079362 -0.857373 -0.483744 -0.130235 -0.244395 1.432383 
9
0.007971 -0.153170 0.909898 -0.385436 -0.164828 -0.141644 1.431141 
001494
14
0.612202 0.783283 0.098092 -0.045324 0.095235 -0.069344 0.993325 
1
0.606253 0.794534 0.029890 0.016696 0.093142 0.018672 1.019513 
19
0.051473 -0.920923 0.283210 -0.262761 0.151326 0.035064 0.966729 
6
0.035080 0.109928 -0.791355 0.600369 0.065573 0.091873 0.952635 
20
0.589481 0.790460 0.144678 -0.082171 -0.099502 0.106272 0.893060 
21
0.375181 -0.655456 0.653593 -0.049312 -0.172266 0.083251 1.072558 
9
0.005926 -0.175457 0.897306 -0.404997 -0.158692 -0.144920 1.430415 
001513
1
0.604081 0.792710 0.080363 -0.015432 0.089566 0.008477 1.021736 
14
0.602446 0.790563 0.102077 -0.040611 0.093030 -0.076059 0.996290 
6
0.020131 0.121462 -0.781039 0.612225 0.058800 0.086019 0.956606 
19
0.065684 -0.920122 0.258601 -0.286682 0.142471 0.029116 0.968679 
20
0.428722 0.718106 0.547813 0.020512 0.124184 0.050709 0.978492 
21
0.322750 -0.804448 0.498023 0.025862 -0.168624 0.062102 1.073913 
16
0.070560 0.182447 0.848933 0.490966 -0.218030 -0.202505 1.440566 
001533
1
0.605907 0.791909 0.075617 -0.006221 0.091777 0.012078 1.026675 
14
0.608360 0.783332 0.117702 -0.049354 0.096651 -0.069929 1.001988 
19
0.084648 -0.913188 0.276647 -0.287034 0.143878 0.035284 0.974039 
6
0.052983 0.104290 -0.776454 0.619221 0.058516 0.088385 0.961858 
20
0.558176 0.824167 0.087328 -0.039530 -0.118700 0.093591 0.906028 
21
0.265471 -0.759814 0.589494 -0.068588 -0.171767 0.065542 1.079802 
17
0.726416 -0.330923 -0.074887 0.597663 0.163217 0.033911 0.973309 
9
0.008040 -0.213183 0.880271 -0.423806 -0.136817 -0.182070 1.439444 
001534
1
0.605005 0.792451 0.077274 0.004426 0.092627 0.016408 1.026543 
14
0.599739 0.789330 0.123540 -0.044834 0.098658 -0.071864 1.000937 
19
0.042545 -0.924280 0.271494 -0.264928 0.145178 0.036815 0.971169 
6
0.017427 0.123910 -0.789108 0.601374 0.059436 0.089285 0.962140 
20
0.564266 0.800467 0.180454 -0.091070 -0.098185 0.096424 0.905581 
21
0.273083 -0.687331 0.669478 0.069293 -0.168713 0.070647 1.077022 
16
0.176379 0.058067 0.921687 0.340605 -0.172183 -0.199073 1.467774 
001539
1
0.602762 0.794718 0.071387 -0.002204 0.091672 0.017545 1.028736 
14
0.605838 0.787468 0.106911 -0.037736 0.098195 -0.071873 1.002276 
19
0.032528 -0.928328 0.310870 -0.201269 0.142187 0.034635 0.971799 
20
0.506390 0.850064 0.102089 -0.102653 -0.104740 0.096058 0.899258 
6
0.008234 -0.094353 0.795891 -0.597986 0.058301 0.089960 0.963585 
21
0.409047 -0.723686 0.555667 0.013895 -0.170167 0.062606 1.076757 
001540
14
0.597244 0.795081 0.101193 -0.030092 0.099126 -0.070582 1.002573 
1
0.604778 0.792588 0.077746 -0.001925 0.092629 0.015198 1.028049 
20
0.598517 0.787435 0.137540 -0.052974 -0.112955 0.096339 0.908804 
19
0.038051 -0.914936 0.305294 -0.261228 0.146432 0.037289 0.973699 
6
0.026961 0.129225 -0.790832 0.597628 0.058686 0.090282 0.962483 
21
0.356712 -0.654120 0.666668 0.020904 -0.166654 0.071195 1.080855 
9
0.024353 -0.114542 0.897644 -0.424879 -0.143113 -0.153870 1.394637 
12
0.703537 0.460862 -0.470789 0.266457 -0.275217 -0.207606 1.392188 
001542
1
0.608200 0.785639 0.107924 -0.034871 0.092637 0.017578 1.029086 
14
0.605146 0.785121 0.127575 -0.033280 0.099537 -0.067367 1.004190 
19
0.050564 -0.927220 0.282520 -0.240602 0.147049 0.035827 0.975090 
6
0.038428 0.130464 -0.773339 0.619233 0.058786 0.093695 0.964480 
20
0.562769 0.800452 0.182258 -0.096696 -0.094912 0.096211 0.906585 
21
0.384337 -0.732972 0.558778 0.052952 -0.164397 0.055318 1.075443 
9
0.012782 -0.144601 0.896177 -0.419278 -0.145030 -0.157569 1.415584 
12
0.632415 0.643696 0.307333 -0.302081 0.033310 -0.117956 1.213055 
16
0.133837 0.146426 0.930645 0.307485 -0.174851 -0.187551 1.445794 
